0 0.11 0.23 0.66
0 0.1 0.2 0.7
0 0.12 0.17 0.71
0 0.03 0.28 0.69
0 0.12 0.1 0.78
0 0.15 0.15 0.7
0 0.11 0.2 0.69
0 0.09 0.27 0.64
0 0.11 0.22 0.67
0 0.13 0.16 0.71
0 0.14 0.21 0.65
0 0.08 0.26 0.66
0 0.04 0.17 0.79
0 0.13 0.2 0.67
0 0.09 0.34 0.57
0 0.11 0.11 0.78
0 0.05 0.13 0.82
0 0.11 0.15 0.74
0 0.12 0.18 0.7
0 0.09 0.18 0.73
0 0.17 0.15 0.68
0 0.1 0.28 0.62
0 0.12 0.22 0.66
0 0.14 0.17 0.69
0 0.11 0.18 0.71
0 0.11 0.19 0.7
0 0.13 0.12 0.75
0 0.1 0.11 0.79
0 0.05 0.16 0.79
0 0.09 0.22 0.69
0 0.08 0.14 0.78
0 0.11 0.22 0.67
0 0.12 0.24 0.64
0.009984785 0.1100152 0.2000152 0.6799848
0 0.1 0.16 0.74
0 0.14 0.15 0.71
0 0.16 0.19 0.65
0 0.13 0.24 0.63
0 0.1 0.19 0.71
0 0.09 0.22 0.69
0 0.06 0.19 0.75
0 0.09 0.17 0.74
0 0.05 0.13 0.82
0 0.1 0.18 0.72
0 0.08 0.28 0.64
0 0.11 0.17 0.72
0 0.08 0.24 0.68
0 0.14 0.17 0.69
0 0.12 0.18 0.7
0 0.12 0.21 0.67
