0.1400035 0.2499965 0.2099965 0.4000035
0.1199772 0.2200228 0.3000228 0.3599772
0.09999419 0.1300058 0.3600058 0.4099942
0.1099595 0.2400405 0.3200405 0.3299595
0.09998599 0.200014 0.280014 0.419986
0.05995075 0.2200492 0.3300492 0.3899508
0.04993814 0.2100619 0.3800619 0.3599381
0.1300156 0.1299844 0.3099844 0.4300156
0.1099885 0.1600115 0.3400115 0.3899885
0.109981 0.190019 0.320019 0.379981
0.140029 0.229971 0.159971 0.470029
0.129995 0.170005 0.320005 0.379995
0.06998639 0.1500136 0.3100136 0.4699864
0.12003 0.07996997 0.32997 0.47003
0.08996126 0.2400387 0.3000387 0.3699613
0.1000038 0.1599962 0.2699962 0.4700038
0.04996747 0.2000325 0.2800325 0.4699675
0.05993834 0.2600617 0.3200617 0.3599383
0.09998839 0.2100116 0.2600116 0.4299884
0.1299552 0.2500448 0.3300448 0.2899552
0.06995726 0.1600427 0.4200427 0.3499573
0.02993313 0.1900669 0.4100669 0.3699331
0.129994 0.210006 0.270006 0.389994
0.09997457 0.2300254 0.2800254 0.3899746
0.109998 0.170002 0.290002 0.429998
0.119994 0.230006 0.240006 0.409994
0.109967 0.150033 0.440033 0.299967
0.129989 0.170011 0.340011 0.359989
0.07997498 0.130025 0.420025 0.369975
0.08999159 0.1500084 0.3200084 0.4399916
0.08995055 0.2500494 0.3200494 0.3399506
0.07996436 0.2600356 0.2600356 0.3999644
0.1199952 0.2000048 0.2700048 0.4099952
0.05997598 0.220024 0.240024 0.479976
0.1099969 0.1800031 0.2800031 0.4299969
0.04995475 0.2300452 0.2900452 0.4299548
0.07998098 0.140019 0.370019 0.409981
0.08997237 0.1900276 0.3300276 0.3899724
0.05994294 0.2400571 0.3300571 0.3699429
0.109963 0.240037 0.310037 0.339963
0.08997107 0.2000289 0.3200289 0.3899711
0.1200201 0.1499799 0.2499799 0.4800201
0.119994 0.160006 0.330006 0.389994
0.1500018 0.2299982 0.2399982 0.3800018
0.07996216 0.2300378 0.3000378 0.3899622
0.07996296 0.220037 0.310037 0.389963
0.09997848 0.1700215 0.3500215 0.3799785
0.1200146 0.1899854 0.2199854 0.4700146
0.07996386 0.1900361 0.3500361 0.3799639
0.06997077 0.2400292 0.2500292 0.4399708
