0.2399656 0.3200344 0.2500344 0.1899656
0.1999774 0.3300226 0.2200226 0.2499774
0.2800448 0.1999552 0.2099552 0.3100448
0.2800403 0.1899597 0.2299597 0.3000403
0.2599693 0.3100307 0.2500307 0.1799693
0.2300092 0.2499908 0.2299908 0.2900092
0.2800215 0.1899785 0.2699785 0.2600215
0.2900404 0.2299596 0.1899596 0.2900404
0.2700099 0.2399901 0.2399901 0.2500099
0.3699983 0.2200017 0.2600017 0.1499983
0.260005 0.239995 0.249995 0.250005
0.220015 0.189985 0.279985 0.310015
0.189985 0.220015 0.310015 0.279985
0.1799736 0.3000264 0.2500264 0.2699736
0.2800208 0.2599792 0.1999792 0.2600208
0.2400003 0.2699997 0.2299997 0.2600003
0.290035 0.219965 0.209965 0.280035
0.340045 0.249955 0.159955 0.250045
0.2699838 0.2700162 0.2600162 0.1999838
0.2499992 0.1900008 0.3200008 0.2399992
0.2600208 0.1999792 0.2599792 0.2800208
0.21998 0.28002 0.26002 0.23998
0.2899768 0.2500232 0.2900232 0.1699768
0.2500009 0.2199991 0.2799991 0.2500009
0.2599688 0.2600312 0.3000312 0.1799688
0.220005 0.209995 0.279995 0.290005
0.2700016 0.3399984 0.1699984 0.2200016
0.2899789 0.3200211 0.2200211 0.1699789
0.2399768 0.3200232 0.2300232 0.2099768
0.3000321 0.1699679 0.2699679 0.2600321
0.2699742 0.2400258 0.3100258 0.1799742
0.2499692 0.2900308 0.2700308 0.1899692
0.2599846 0.2800154 0.2500154 0.2099846
0.3200395 0.2299605 0.1899605 0.2600395
0.2300168 0.2899832 0.1799832 0.3000168
0.2400254 0.3399746 0.1299746 0.2900254
0.1899768 0.2200232 0.3300232 0.2599768
0.2600136 0.2999864 0.1799864 0.2600136
0.1899832 0.2500168 0.2800168 0.2799832
0.249989 0.200011 0.330011 0.219989
0.26002 0.21998 0.23998 0.28002
0.27999 0.30001 0.22001 0.19999
0.2399748 0.2700252 0.2800252 0.2099748
0.2099968 0.3100032 0.2000032 0.2799968
0.2199662 0.2500338 0.3200338 0.2099662
0.1899695 0.2600305 0.3000305 0.2499695
0.2300144 0.2099856 0.2599856 0.3000144
0.2800097 0.2299903 0.2499903 0.2400097
0.2099821 0.2200179 0.3200179 0.2499821
0.2199656 0.2600344 0.3100344 0.2099656
