0.07959192 0.2004081 0.3504081 0.3695919
0.119899 0.140101 0.380101 0.359899
0.07962626 0.2203737 0.3103737 0.3896263
0.07974747 0.1702525 0.3402525 0.4097475
0.06946465 0.2305354 0.3405354 0.3594646
0.05967273 0.2703273 0.2203273 0.4496727
0.05963434 0.2003657 0.3103657 0.4296343
0.1195636 0.2204364 0.3604364 0.2995636
0.07964848 0.2003515 0.3303515 0.3896485
0.1398475 0.1901525 0.3301525 0.3398475
0.06988889 0.2001111 0.2301111 0.4998889
0.1298364 0.2101636 0.3001636 0.3598364
0.1201162 0.1898838 0.2298838 0.4601162
0.1097778 0.2202222 0.2902222 0.3797778
0.09983737 0.1701626 0.3301626 0.3998374
0.06991717 0.1000828 0.3900828 0.4399172
0.0899 0.1801 0.2801 0.4499
0.1300848 0.1899152 0.2499152 0.4300848
0.07933131 0.2606687 0.3506687 0.3093313
0.1098444 0.2201556 0.2701556 0.3998444
0.1 0.15 0.3 0.45
0.07986263 0.1601374 0.3101374 0.4498626
0.1096929 0.2503071 0.2803071 0.3596929
0.1501818 0.1798182 0.2498182 0.4201818
0.1099929 0.1600071 0.3000071 0.4299929
0.06967071 0.2003293 0.3103293 0.4196707
0.09988081 0.1601192 0.3301192 0.4098808
0.1298586 0.1901414 0.3201414 0.3598586
0.06979899 0.240201 0.220201 0.469799
0.1699394 0.2300606 0.2700606 0.3299394
0.1400505 0.1599495 0.3099495 0.3900505
0.1198303 0.2401697 0.2601697 0.3798303
0.1702202 0.2097798 0.2197798 0.4002202
0.05954141 0.2504586 0.2804586 0.4095414
0.09963333 0.1903667 0.3703667 0.3396333
0.04964646 0.2003535 0.2903535 0.4596465
0.1097111 0.2202889 0.3102889 0.3597111
0.0596303 0.1703697 0.3603697 0.4096303
0.1700838 0.1599162 0.3199162 0.3500838
0.07965657 0.2203434 0.3003434 0.3996566
0.1295939 0.2404061 0.3304061 0.2995939
0.1194606 0.2205394 0.3905394 0.2694606
0.0593899 0.2206101 0.3706101 0.3493899
0.1098778 0.2201222 0.2601222 0.4098778
0.09951515 0.2704848 0.3004848 0.3295152
0.06958586 0.2304141 0.3004141 0.3995859
0.07966263 0.1903374 0.3403374 0.3896626
0.1197545 0.2502455 0.2702455 0.3597545
0.06950707 0.2604929 0.2904929 0.3795071
0.09977677 0.2302232 0.2702232 0.3997768
