0 0.08 0.13 0.79
0 0.08 0.22 0.7
0 0.1 0.29 0.61
0 0.11 0.23 0.66
0 0.1 0.18 0.72
0 0.11 0.21 0.68
0 0.09 0.19 0.72
0 0.07 0.15 0.78
0 0.12 0.24 0.64
0 0.11 0.14 0.75
0 0.07 0.19 0.74
0 0.08 0.23 0.69
0 0.15 0.19 0.66
0 0.08 0.15 0.77
0 0.13 0.17 0.7
0 0.05 0.17 0.78
0 0.11 0.15 0.74
0 0.1 0.18 0.72
0 0.07 0.15 0.78
0 0.09 0.16 0.75
0 0.05 0.22 0.73
0 0.09 0.2 0.71
0 0.1 0.24 0.66
0 0.13 0.17 0.7
0 0.1 0.23 0.67
0 0.13 0.16 0.71
0 0.1 0.18 0.72
0 0.04 0.14 0.82
0 0.11 0.19 0.7
0 0.1 0.21 0.69
0 0.09 0.2 0.71
0 0.13 0.2 0.67
0 0.08 0.17 0.75
0 0.1 0.18 0.72
0 0.13 0.21 0.66
0 0.11 0.21 0.68
0 0.12 0.24 0.64
0 0.13 0.23 0.64
0 0.11 0.22 0.67
0 0.1 0.21 0.69
0 0.14 0.15 0.71
0 0.1 0.21 0.69
0 0.08 0.16 0.76
0 0.12 0.22 0.66
0 0.07 0.22 0.71
0 0.09 0.27 0.64
0 0.05 0.29 0.66
0 0.1 0.18 0.72
0 0.07 0.23 0.7
0 0.1 0.19 0.71
