0.2599444 0.3300556 0.1900556 0.2199444
0.240098 0.229902 0.249902 0.280098
0.2599495 0.2700505 0.2400505 0.2299495
0.2396606 0.2403394 0.3303394 0.1896606
0.2099848 0.2600152 0.2400152 0.2899848
0.2399242 0.2100758 0.3100758 0.2399242
0.3402121 0.2397879 0.2097879 0.2102121
0.290202 0.249798 0.209798 0.250202
0.3499242 0.2000758 0.3000758 0.1499242
0.239801 0.290199 0.250199 0.219801
0.2604899 0.1895101 0.2095101 0.3404899
0.2200848 0.2399152 0.2399152 0.3000848
0.2600505 0.2399495 0.2499495 0.2500505
0.3104545 0.1895455 0.2195455 0.2804545
0.3802747 0.1797253 0.2497253 0.1902747
0.3204505 0.1895495 0.2195495 0.2704505
0.2704505 0.2195495 0.1895495 0.3204505
0.2498889 0.2001111 0.3301111 0.2198889
0.3502899 0.2797101 0.1597101 0.2102899
0.2903556 0.1996444 0.2296444 0.2803556
0.2297606 0.2002394 0.3602394 0.2097606
0.249798 0.290202 0.250202 0.209798
0.2302747 0.1597253 0.2897253 0.3202747
0.2902525 0.2097475 0.2397475 0.2602525
0.2000404 0.2899596 0.1999596 0.3100404
0.2600081 0.2199919 0.2799919 0.2400081
0.3202525 0.2697475 0.1797475 0.2302525
0.2903232 0.1396768 0.3096768 0.2603232
0.2702545 0.2397455 0.2097455 0.2802545
0.2801616 0.1998384 0.2698384 0.2501616
0.2402091 0.2697909 0.1897909 0.3002091
0.2200384 0.2499616 0.2399616 0.2900384
0.2402465 0.1997535 0.2497535 0.3102465
0.2599475 0.2600525 0.2500525 0.2299475
0.2196667 0.3303333 0.2403333 0.2096667
0.2599899 0.1900101 0.3200101 0.2299899
0.2296444 0.2903556 0.2803556 0.1996444
0.2803121 0.2496879 0.1896879 0.2803121
0.3003 0.2097 0.2297 0.2603
0.2298141 0.2301859 0.3101859 0.2298141
0.3206626 0.2093374 0.1593374 0.3106626
0.2400545 0.2199455 0.2699455 0.2700545
0.2700212 0.2999788 0.1999788 0.2300212
0.2203313 0.2596687 0.1696687 0.3503313
0.2195737 0.3504263 0.2404263 0.1895737
0.3104 0.2096 0.2096 0.2704
0.229799 0.260201 0.280201 0.229799
0.3103192 0.1696808 0.2696808 0.2503192
0.3004566 0.2195434 0.1895434 0.2904566
0.3402677 0.2097323 0.2297323 0.2202677
