0.2713474 0.2486526 0.1986526 0.2813474
0.2881684 0.2718316 0.2918316 0.1481684
0.2306105 0.2893895 0.1893895 0.2906105
0.2395211 0.2304789 0.2904789 0.2395211
0.2508842 0.1891158 0.2791158 0.2808842
0.2096737 0.2603263 0.2503263 0.2796737
0.1902684 0.2397316 0.2397316 0.3302684
0.2284368 0.3015632 0.2615632 0.2084368
0.2314474 0.2185526 0.2185526 0.3314474
0.1978947 0.3021053 0.2821053 0.2178947
0.2500474 0.2799526 0.2199526 0.2500474
0.1697474 0.2902526 0.2102526 0.3297474
0.3203842 0.2096158 0.2696158 0.2003842
0.2097789 0.3002211 0.2102211 0.2797789
0.2793895 0.2606105 0.2606105 0.1993895
0.1687579 0.2712421 0.2712421 0.2887579
0.2887579 0.2712421 0.2712421 0.1687579
0.2205263 0.2794737 0.1994737 0.3005263
0.2613842 0.3086158 0.1486158 0.2813842
0.2592421 0.2307579 0.3007579 0.2092421
0.2111053 0.1388947 0.3288947 0.3211053
0.3093474 0.3106526 0.2106526 0.1693474
0.2699842 0.2400158 0.2600158 0.2299842
0.1797895 0.2202105 0.2802105 0.3197895
0.2818526 0.1981474 0.2281474 0.2918526
0.2808842 0.2791158 0.1891158 0.2508842
0.1981579 0.2718421 0.3018421 0.2281579
0.3312632 0.2687368 0.1787368 0.2212632
0.2302421 0.2597579 0.2297579 0.2802421
0.3109737 0.2390263 0.2190263 0.2309737
0.2810526 0.2389474 0.2189474 0.2610526
0.2905263 0.2094737 0.2694737 0.2305263
0.3188316 0.2611684 0.2711684 0.1488316
0.2411368 0.1488632 0.3188632 0.2911368
0.3103947 0.2396053 0.2396053 0.2103947
0.2292842 0.1907158 0.3507158 0.2292842
0.2424895 0.2275105 0.1675105 0.3624895
0.2921105 0.1978895 0.2178895 0.2921105
0.2298842 0.2001158 0.3101158 0.2598842
0.2106316 0.2393684 0.2293684 0.3206316
0.2398947 0.2001053 0.3101053 0.2498947
0.2500211 0.2699789 0.2299789 0.2500211
0.2384842 0.2415158 0.3215158 0.1984842
0.2911632 0.2788368 0.1788368 0.2511632
0.2288421 0.3711579 0.1911579 0.2088421
0.2304789 0.2395211 0.2395211 0.2904789
0.2605474 0.2194526 0.2594526 0.2605474
0.1790526 0.2609474 0.2709474 0.2890526
0.3724211 0.1675789 0.2275789 0.2324211
0.2891158 0.2308842 0.3008842 0.1791158
