0.1101789 0.1498211 0.2998211 0.4401789
0.1188 0.2212 0.3012 0.3588
0.1083684 0.1916316 0.3616316 0.3383684
0.05692632 0.3130737 0.2630737 0.3669263
0.06951579 0.1704842 0.2604842 0.4995158
0.1197789 0.1502211 0.3402211 0.3897789
0.1610526 0.1889474 0.2389474 0.4110526
0.08965263 0.1403474 0.3303474 0.4396526
0.05679474 0.2532053 0.3332053 0.3567947
0.1194105 0.2005895 0.2905895 0.3894105
0.1302737 0.1897263 0.2597263 0.4202737
0.1401842 0.2498158 0.2098158 0.4001842
0.07865263 0.1613474 0.3613474 0.3986526
0.1292421 0.2507579 0.2507579 0.3692421
0.07719474 0.2328053 0.3528053 0.3371947
0.1501579 0.2698421 0.1998421 0.3801579
0.1093158 0.1906842 0.3006842 0.3993158
0.1501474 0.1698526 0.3098526 0.3701474
0.1090158 0.2209842 0.2809842 0.3890158
0.05850526 0.2014947 0.2814947 0.4585053
0.06941053 0.2105895 0.2205895 0.4994105
0.09852632 0.2214737 0.3014737 0.3785263
0.1410053 0.1689947 0.2489947 0.4410053
0.04822632 0.2217737 0.2617737 0.4682263
0.06920526 0.1607947 0.3007947 0.4692053
0.1509158 0.1890842 0.2390842 0.4209158
0.0276 0.1824 0.3324 0.4576
0.09881579 0.2511842 0.2511842 0.3988158
0.07932632 0.2106737 0.2406737 0.4693263
0.1187368 0.2412632 0.2812632 0.3587368
0.09992632 0.1600737 0.2900737 0.4499263
0.03704737 0.2729526 0.2729526 0.4170474
0.1607526 0.1492474 0.3092474 0.3807526
0.04839474 0.1816053 0.3016053 0.4683947
0.1693474 0.2106526 0.3106526 0.3093474
0.08905263 0.2109474 0.2709474 0.4290526
0.09966316 0.1803368 0.2803368 0.4396632
0.08783158 0.2321684 0.3221684 0.3578316
0.05782105 0.2021789 0.3321789 0.4078211
0.1083789 0.2116211 0.3316211 0.3483789
0.1503158 0.1496842 0.3296842 0.3703158
0.1100421 0.1699579 0.2799579 0.4400421
0.0772 0.2928 0.2828 0.3472
0.08704211 0.2529579 0.3429579 0.3170421
0.06855263 0.1814474 0.3214474 0.4285526
0.1095579 0.2104421 0.2604421 0.4195579
0.07846316 0.2015368 0.3115368 0.4084632
0.1110526 0.1389474 0.2489474 0.5010526
0.08844211 0.1715579 0.3715579 0.3684421
0.08907895 0.1609211 0.3409211 0.4090789
