0.2828 0.2072 0.2372 0.2728
0.2172889 0.2527111 0.3027111 0.2272889
0.1972222 0.3027778 0.2527778 0.2472222
0.295 0.205 0.195 0.305
0.3341333 0.2758667 0.1458667 0.2441333
0.267 0.283 0.273 0.177
0.2621333 0.2978667 0.1678667 0.2721333
0.2327778 0.2672222 0.1772222 0.3227778
0.2927778 0.2372222 0.2072222 0.2627778
0.2528444 0.1871556 0.2571556 0.3028444
0.2734222 0.1865778 0.2465778 0.2934222
0.2061111 0.2938889 0.2838889 0.2161111
0.2846111 0.1653889 0.2453889 0.3046111
0.2722333 0.2177667 0.2377667 0.2722333
0.3018667 0.2881333 0.1781333 0.2318667
0.2678778 0.2221222 0.3221222 0.1878778
0.2715 0.2985 0.1785 0.2515
0.2616667 0.2283333 0.2383333 0.2716667
0.2185333 0.2214667 0.3114667 0.2485333
0.2178111 0.2921889 0.2521889 0.2378111
0.3261556 0.2138444 0.1638444 0.2961556
0.2598889 0.3201111 0.1901111 0.2298889
0.2727667 0.2972333 0.1572333 0.2727667
0.2611111 0.2388889 0.2388889 0.2611111
0.2188444 0.2611556 0.2611556 0.2588444
0.1987111 0.2612889 0.2612889 0.2787111
0.2582667 0.2617333 0.2717333 0.2082667
0.2565889 0.2534111 0.3134111 0.1765889
0.2599889 0.2500111 0.2500111 0.2399889
0.3044333 0.2055667 0.2055667 0.2844333
0.2823889 0.2676111 0.1876111 0.2623889
0.2057333 0.2542667 0.3342667 0.2057333
0.3212556 0.1687444 0.3087444 0.2012556
0.2713778 0.2886222 0.1886222 0.2513778
0.2570889 0.2729111 0.2829111 0.1870889
0.2985333 0.2814667 0.2414667 0.1785333
0.3050667 0.1749333 0.2249333 0.2950667
0.2648889 0.1851111 0.2151111 0.3348889
0.2738667 0.2061333 0.2161333 0.3038667
0.2204889 0.2195111 0.2695111 0.2904889
0.1572444 0.2627556 0.2827556 0.2972444
0.3044444 0.1955556 0.2155556 0.2844444
0.2008889 0.2791111 0.1991111 0.3208889
0.2769556 0.3030444 0.2530444 0.1669556
0.1768889 0.3431111 0.2231111 0.2568889
0.2991111 0.2508889 0.2608889 0.1891111
0.2195111 0.2204889 0.2904889 0.2695111
0.1995556 0.3104444 0.2004444 0.2895556
0.2613889 0.2886111 0.1886111 0.2613889
0.2876556 0.3223444 0.2223444 0.1676556
