0.09561111 0.2143889 0.3543889 0.3356111
0.1107111 0.1692889 0.2592889 0.4607111
0.1543667 0.1156333 0.2556333 0.4743667
0.06638889 0.1836111 0.3436111 0.4063889
0.09767778 0.2123222 0.2923222 0.3976778
0.1526667 0.1473333 0.2673333 0.4326667
0.07478889 0.1952111 0.3952111 0.3347889
0.09066667 0.1493333 0.2593333 0.5006667
0.07312222 0.2568778 0.3568778 0.3131222
0.05826667 0.1217333 0.3617333 0.4582667
0.09851111 0.1714889 0.3214889 0.4085111
0.1404111 0.1495889 0.3295889 0.3804111
0.1001222 0.1298778 0.3298778 0.4401222
0.09918889 0.1908111 0.2708111 0.4391889
0.09661111 0.1933889 0.3533889 0.3566111
0.1587111 0.1712889 0.3612889 0.3087111
0.06611111 0.1838889 0.3538889 0.3961111
0.1626111 0.1873889 0.2273889 0.4226111
0.1305889 0.1594111 0.2994111 0.4105889
0.03371111 0.1962889 0.3862889 0.3837111
0.1189333 0.1510667 0.3610667 0.3689333
0.07622222 0.2237778 0.3037778 0.3962222
0.1577778 0.2022222 0.3422222 0.2977778
0.1611556 0.1788444 0.2788444 0.3811556
0.09 0.16 0.27 0.48
0.1257778 0.2242222 0.3542222 0.2957778
0.06521111 0.2247889 0.3247889 0.3852111
0.0664 0.2536 0.2536 0.4264
0.04298889 0.2470111 0.3470111 0.3629889
0.07755556 0.2624444 0.2224444 0.4375556
0.1513778 0.1686222 0.2786222 0.4013778
0.06722222 0.1827778 0.3127778 0.4372222
0.1912667 0.1887333 0.2787333 0.3412667
0.1294444 0.1705556 0.3205556 0.3794444
0.1396111 0.2103889 0.2703889 0.3796111
0.088 0.182 0.312 0.418
0.09955556 0.1604444 0.3004444 0.4395556
0.1080556 0.1419444 0.4019444 0.3480556
0.1082222 0.2517778 0.2417778 0.3982222
0.1175667 0.2124333 0.3124333 0.3575667
0.1082222 0.1717778 0.3417778 0.3782222
0.1300889 0.2099111 0.2499111 0.4100889
0.0871 0.1829 0.3429 0.3871
0.1173333 0.2026667 0.3326667 0.3473333
0.07488889 0.2051111 0.3751111 0.3448889
0.05711111 0.1428889 0.3728889 0.4271111
0.1300889 0.2099111 0.2499111 0.4100889
0.06805556 0.1819444 0.2819444 0.4680556
0.06677778 0.2332222 0.2632222 0.4367778
0.1400556 0.1699444 0.3099444 0.3800556
