0.008711111 0.08128889 0.2312889 0.6787111
0 0.14 0.21 0.65
0 0.1 0.23 0.67
0 0.08 0.2 0.72
0 0.13 0.17 0.7
0 0.1 0.12 0.78
0 0.09 0.23 0.68
0 0.09 0.25 0.66
0 0.14 0.18 0.68
0 0.06 0.21 0.73
0 0.12 0.22 0.66
0 0.07 0.21 0.72
0 0.12 0.23 0.65
0 0.17 0.19 0.64
0.009011111 0.08098889 0.2009889 0.7090111
0 0.04 0.24 0.72
0.008 0.132 0.192 0.668
0 0.1 0.15 0.75
0 0.11 0.18 0.71
0 0.13 0.15 0.72
0 0.06 0.15 0.79
0 0.06 0.18 0.76
0 0.04 0.2 0.76
0 0.09 0.23 0.68
0 0.12 0.21 0.67
0 0.09 0.15 0.76
0 0.14 0.23 0.63
0 0.11 0.16 0.73
0 0.1 0.21 0.69
0 0.1 0.26 0.64
0 0.12 0.15 0.73
0 0.13 0.17 0.7
0 0.13 0.23 0.64
0 0.12 0.21 0.67
0 0.12 0.18 0.7
0 0.13 0.22 0.65
0 0.12 0.17 0.71
0 0.1 0.17 0.73
0 0.1 0.28 0.62
0 0.11 0.25 0.64
0 0.09 0.18 0.73
0 0.08 0.18 0.74
0 0.1 0.21 0.69
0 0.16 0.14 0.7
0 0.14 0.21 0.65
0 0.1 0.16 0.74
0 0.08 0.15 0.77
0 0.1 0.2 0.7
0 0.13 0.22 0.65
0.007355556 0.1226444 0.2526444 0.6173556
