0.00998058 0.009971171 0.06999018 0.1300581 0.1300261 0.1600221 0.2200031 0.2699486
0.03997376 0.08003825 0.09001022 0.08997777 0.1300306 0.1099573 0.1999854 0.2600266
0.02994101 0.08004578 0.0699957 0.1000175 0.2100922 0.119921 0.1599711 0.2300157
0.03998658 0.08002904 0.06997817 0.1000062 0.099995 0.1399894 0.2300403 0.2399754
0.08002523 0.07999289 0.05997096 0.1100109 0.1199899 0.149992 0.1700139 0.2300042
0.06999759 0.08002643 0.04995113 0.08002484 0.1599984 0.1399776 0.2400529 0.1799712
0.07002203 0.04997907 0.07998798 0.09001092 0.129973 0.1600259 0.220017 0.1999841
0.02994431 0.1500887 0.05997657 0.1099904 0.1100403 0.1299267 0.1700388 0.2399942
0.0299968 0.02995776 0.02991847 0.220127 0.110031 0.1700144 0.1600537 0.2499009
0.02998118 0.04998399 0.08002043 0.1200144 0.1400289 0.1900059 0.1399695 0.2499957
0.1000449 0.05995834 0.06998157 0.09001522 0.139955 0.1900418 0.1800185 0.1699847
0.02994942 0.1000688 0.07001653 0.05996525 0.1700571 0.1299247 0.179977 0.2600413
0.03998919 0.04998559 0.08998918 0.140036 0.1200124 0.1500128 0.1900092 0.2199656
0.0199968 0.02996916 0.06001201 0.100022 0.09997917 0.2500549 0.180012 0.259954
0.04998759 0.0699994 0.04988322 0.1801298 0.1099938 0.1500192 0.2601354 0.1298516
0.04997988 0.05998609 0.1300418 0.1199923 0.1400221 0.1500119 0.1499562 0.2000097
0.06001012 0.06996816 0.1100414 0.1299804 0.09998998 0.1800317 0.1199585 0.2300197
0.05002163 0.02997437 0.05998718 0.1000168 0.1300044 0.1399996 0.1999868 0.2900092
0.04996086 0.07998969 0.1400526 0.1199969 0.1500229 0.1800265 0.1299637 0.1499869
0.06000121 0.04997347 0.1200421 0.09998327 0.140002 0.1600233 0.1599547 0.2100199
0.04998908 0.08000972 0.06998848 0.1200127 0.1300228 0.1499784 0.1599996 0.2399992
0.01997017 0.009953354 0.08999217 0.1600843 0.1800551 0.1700214 0.1699826 0.1999409
0.03996354 0.110065 0.02992248 0.09004899 0.1299949 0.1699766 0.2701191 0.1599095
0.05002123 0.02997056 0.07002564 0.05998257 0.1499856 0.1900226 0.1899676 0.2600242
0.03997847 0.08000151 0.05997647 0.1700436 0.1300516 0.1499685 0.1199935 0.2499865
0.009967859 0.05999951 0.08003935 0.1199933 0.1000205 0.2100121 0.1299723 0.2899951
0.01993601 0.05001924 0.1100077 0.130037 0.2000953 0.09994942 0.179961 0.2099943
0.01996024 0.05001613 0.07999529 0.1100283 0.1600506 0.1299731 0.2099939 0.2399825
0.04996715 0.06002584 0.09998478 0.09002223 0.1800367 0.09997036 0.2500114 0.1699816
0.04001223 0.01993972 0.06998637 0.1400617 0.1199838 0.2200643 0.1800176 0.2099343
0.01995764 0.06002434 0.06990015 0.2001179 0.1100436 0.08997446 0.2600987 0.1898833
0.02996635 0.1100477 0.05997957 0.1000064 0.09999981 0.1799862 0.2000543 0.2199597
0.02997587 0.06000211 0.1000111 0.1600109 0.1100393 0.1199827 0.1499737 0.2700043
0.0699993 0.02997047 0.1200273 0.09000289 0.2000313 0.1199989 0.179942 0.1900277
0.009949126 0.07003406 0.0499992 0.09001762 0.1700593 0.1899575 0.1599924 0.2599908
0.06000201 0.02994223 0.05995893 0.1600968 0.1900365 0.1900192 0.1400025 0.1699417
0.05003556 0.009938018 0.08000851 0.1300179 0.09998647 0.16004 0.1699695 0.3000041
0.02997547 0.08000972 0.04998167 0.1000331 0.1299973 0.2400175 0.1800456 0.1899396
0.02998378 0.0599922 0.1000483 0.1099758 0.1100118 0.1800122 0.1399561 0.2700198
0.03999359 0.02998519 0.08001602 0.0900052 0.180044 0.1299772 0.1799463 0.2700324
0.00994593 0.06001653 0.1100691 0.06996845 0.1600305 0.200007 0.1699544 0.220008
0.03997727 0.08002273 0.07001272 0.05998728 0.1499919 0.2100081 0.2000181 0.1899819
0.02995423 0.07002695 0.06996184 0.160057 0.160081 0.09993781 0.1700029 0.2399783
0.0499984 0.04997357 0.10002 0.120008 0.1300056 0.1700224 0.159976 0.219996
0.01995314 0.07001433 0.08997275 0.1700598 0.1200399 0.1399927 0.1900343 0.1999332
0.08003125 0.03994793 0.07999439 0.1200264 0.1499964 0.1700244 0.149978 0.2100012
0.0500003 0.04997818 0.08002754 0.08999398 0.1600162 0.1900053 0.1399559 0.2400225
0.009940131 0.04999661 0.1000054 0.1200579 0.1700242 0.210039 0.2100302 0.1299065
0.01994262 0.08003315 0.05996884 0.1100554 0.1700358 0.1899885 0.2100528 0.159923
0 0.03996436 0.1400517 0.08998398 0.07993994 0.1600957 0.2800084 0.209956
