0.130034 0.1199955 0.06992489 0.1300456 0.09995584 0.1400146 0.1900852 0.1199443
0.1901036 0.07994562 0.04988875 0.140062 0.099932 0.1100187 0.1900756 0.1399736
0.08999901 0.08997026 0.1400483 0.1099825 0.1299858 0.180045 0.119967 0.1400023
0.1900771 0.1399505 0.08996776 0.1400046 0.07994452 0.1300279 0.1000106 0.130017
0.169983 0.1700326 0.089987 0.1199975 0.1700621 0.0799224 0.06996796 0.1300476
0.160019 0.1200062 0.08994192 0.1200329 0.139995 0.09997978 0.1600441 0.1099812
0.1300074 0.07997217 0.1299942 0.1400262 0.1600234 0.109997 0.119975 0.1300046
0.130003 0.1199775 0.139987 0.1600325 0.109992 0.1300275 0.120018 0.08996245
0.1500453 0.1099808 0.1500349 0.1099391 0.08996976 0.1000042 0.1099501 0.1800759
0.08995775 0.0999884 0.1700322 0.1700216 0.1500523 0.1200016 0.08995775 0.1099884
0.1199768 0.1599896 0.1901057 0.08992789 0.1099844 0.1700493 0.0599331 0.1000333
0.140014 0.09995555 0.09996675 0.1800637 0.1500264 0.130004 0.08999281 0.1099768
0.1500633 0.1399251 0.1200192 0.1099924 0.05989145 0.2301202 0.110026 0.07996236
0.1400215 0.1599815 0.1099945 0.1400025 0.08997086 0.1500261 0.1000131 0.1099899
0.08995593 0.1700832 0.109974 0.0999869 0.110009 0.09995183 0.1900611 0.1299781
0.1200258 0.150009 0.1200511 0.08991408 0.08997837 0.1299868 0.08994471 0.2100901
0.1299849 0.1299958 0.1399737 0.1700457 0.1200152 0.1100041 0.1200262 0.07995444
0.09997716 0.1000148 0.1399932 0.1800148 0.1400669 0.05994112 0.1099628 0.1700292
0.1400343 0.07998358 0.1099581 0.140024 0.1300035 0.07997858 0.1600041 0.1600138
0.0999948 0.1399953 0.1099866 0.1600233 0.09999449 0.1500154 0.1200241 0.119966
0.09999178 0.1600433 0.05995013 0.1300148 0.1200182 0.1199467 0.1400399 0.1699952
0.1300272 0.1099884 0.1500665 0.04991789 0.1099424 0.160042 0.1399638 0.1500518
0.1100433 0.0599227 0.150028 0.190006 0.08998076 0.1400533 0.08994794 0.170018
0.1700729 0.1299527 0.0999295 0.1600449 0.04991188 0.1400625 0.1600857 0.08993991
0.07997357 0.1000014 0.1700465 0.1499786 0.1200296 0.1099954 0.1099503 0.1600246
0.06996716 0.150032 0.1200172 0.1199836 0.0999964 0.1600044 0.1400192 0.13998
0.1599876 0.1500254 0.1299984 0.1099886 0.1400208 0.08996615 0.1099932 0.1100198
0.1400024 0.1199926 0.1099876 0.1300174 0.1500173 0.1199877 0.1099927 0.1200023
0.0699329 0.1600829 0.1000038 0.08998038 0.1600523 0.1199319 0.150011 0.1500048
0.15004 0.07997938 0.1299584 0.1800222 0.1100172 0.04996336 0.1299844 0.170035
0.1300033 0.1399699 0.1400492 0.1199777 0.1199891 0.1700377 0.06995844 0.1100147
0.1099991 0.1500259 0.1200191 0.08995585 0.09997588 0.1399991 0.1400059 0.1500191
0.1300073 0.09993702 0.170044 0.1600117 0.1199928 0.1600629 0.06995595 0.0899884
0.1099695 0.1600751 0.08993051 0.1300248 0.1200259 0.0699295 0.1900741 0.1299705
0.08998318 0.1100144 0.1099768 0.1300256 0.1300068 0.1299956 0.1700332 0.1299643
0.08999991 0.1199751 0.09999469 0.1600303 0.1099951 0.1800299 0.1100103 0.1299647
0.08992589 0.1700803 0.1399724 0.1400214 0.1300497 0.07994411 0.1600521 0.08995414
0.1100241 0.1299813 0.04991839 0.2200762 0.1000157 0.1199789 0.1100418 0.1599636
0.07998328 0.1100218 0.1300067 0.1099882 0.1099917 0.1300032 0.1800183 0.1499868
0.1100041 0.1000009 0.09997306 0.1000219 0.1399759 0.1500191 0.190047 0.109958
0.170016 0.1300344 0.119988 0.05996156 0.129972 0.08997757 0.180024 0.1200264
0.129982 0.130013 0.150028 0.08997697 0.1399965 0.1300085 0.1299935 0.1000015
0.210112 0.03990797 0.07994364 0.1300363 0.149963 0.1000169 0.1299813 0.1600387
0.09994252 0.1900561 0.160007 0.1699944 0.1000413 0.07996014 0.1000092 0.09998939
0.1300137 0.1500368 0.08996726 0.07998219 0.09995616 0.1299933 0.1900629 0.1299877
0.1299425 0.2000905 0.1500559 0.05991108 0.1400415 0.07992549 0.09996013 0.1400729
0.08995212 0.1700791 0.1000142 0.07995454 0.1500435 0.1099253 0.1299902 0.1700411
0.09998439 0.1199755 0.1400162 0.1500239 0.1199959 0.1700443 0.1100035 0.08995635
0.1199709 0.1500198 0.1299705 0.1700389 0.120029 0.09998027 0.1200296 0.08996104
0.1900483 0.1499318 0.1199936 0.1300263 0.0899328 0.1800871 0.09002534 0.04995474
