0.0396521 0.05997517 0.120291 0.1500817 0.1506226 0.1197501 0.1294342 0.2301931
0.03982867 0.05999961 0.09984646 0.1003253 0.109638 0.1805337 0.2706869 0.1391414
0.08000197 0.1201546 0.06946403 0.1403794 0.09986166 0.1499818 0.1806723 0.1594842
0.05989972 0.05000937 0.07953177 0.1605591 0.160674 0.06941689 0.1798945 0.2400146
0.05037727 0.0193298 0.1001222 0.1601707 0.05958233 0.1707106 0.1699182 0.2697889
0.01961057 0.08033488 0.1306047 0.1094499 0.0902167 0.1198378 0.1695681 0.2803774
0.03990933 0.05973714 0.07000946 0.1303441 0.1300806 0.220273 0.1400006 0.2096458
0.06010721 0.04969885 0.06928773 0.1609062 0.1098059 0.160388 0.2307991 0.1590069
0.04995926 0.0396165 0.1000042 0.1404201 0.1401013 0.1703229 0.1699352 0.1896406
0 0.05965354 0.1008837 0.06946272 0.1701434 0.180203 0.1089728 0.3106807
0.08058065 0.01951026 0.07971173 0.08019736 0.09925773 0.1506514 0.3004499 0.189641
0.01937194 0.08022402 0.1099986 0.1404054 0.1403856 0.1600184 0.1902438 0.1593522
0.06959155 0.09011956 0.08982776 0.1604611 0.1908973 0.1093915 0.1096834 0.1800278
0.04989628 0.09029059 0.07012808 0.05968505 0.1299219 0.1798912 0.1900537 0.2301331
0.02969162 0.08021848 0.08018656 0.09990334 0.130268 0.1698219 0.1598538 0.2500563
0.06985127 0.04998206 0.07942793 0.1507387 0.1906871 0.07947956 0.1900337 0.1897996
0.07010177 0.09009419 0.1098495 0.1099545 0.06951843 0.1402856 0.2305303 0.1796657
0.01957069 0.06000911 0.1306811 0.1097391 0.130294 0.1701262 0.1494543 0.2301255
0.04988941 0.08004191 0.05934716 0.1707215 0.110153 0.1399157 0.1906104 0.1993209
0.009356049 0.1004955 0.04956581 0.1305827 0.1303642 0.1897843 0.200714 0.1891375
0.08016779 0.04960999 0.1201124 0.1301098 0.1299736 0.1402486 0.1597462 0.1900316
0.03990697 0.05996979 0.07964837 0.1504749 0.1000304 0.1400928 0.2104143 0.2194625
0.009520658 0.09059247 0.04994332 0.08994355 0.120447 0.1494398 0.180089 0.3100241
0.009374586 0.060484 0.08011375 0.09002766 0.1909486 0.08919277 0.199563 0.2802956
0.00961976 0.03002064 0.02931631 0.1410433 0.1806994 0.1396602 0.2203645 0.2492759
0.03986974 0.07002521 0.06011401 0.109991 0.1504858 0.1696192 0.1095304 0.2903645
0.03993161 0.02972899 0.06957297 0.1407664 0.1501936 0.1501458 0.2203018 0.1993588
0.03993923 0.06005269 0.1004019 0.0796062 0.1099759 0.1500322 0.189683 0.270309
0.01965427 0.04992149 0.1205731 0.08985111 0.1300023 0.2004219 0.1897703 0.1998055
0.08028091 0.06981606 0.06947544 0.1404276 0.09976455 0.1401385 0.2004791 0.1996179
0.08026682 0.03965642 0.06977582 0.1003009 0.1699918 0.150085 0.1899656 0.1999576
0.04007631 0.01942975 0.1202242 0.1502697 0.09987116 0.1706228 0.1798283 0.2196777
0.0701248 0.03982672 0.06959095 0.1004575 0.1700217 0.1300268 0.2402626 0.1796889
0.06034272 0.04961687 0.1104897 0.07955066 0.0693199 0.2007205 0.1898476 0.240112
0.04007177 0.03987672 0.06978001 0.0802715 0.09943631 0.1906152 0.3007119 0.1792366
0.03972852 0.08021087 0.1098816 0.130179 0.100024 0.1300366 0.2203658 0.1895736
0.0398365 0.08014532 0.04969448 0.1203237 0.1302261 0.1697921 0.1702429 0.2397389
0.009692706 0.030078 0.02938346 0.1208458 0.1605245 0.1297048 0.2503994 0.2693713
0.039911 0.03995162 0.08004027 0.08009711 0.1601001 0.1500373 0.2299486 0.219914
0.02975716 0.04992971 0.07973524 0.1405779 0.1301772 0.160136 0.2103304 0.1993564
0.02986939 0.04987808 0.07023213 0.1000204 0.1402357 0.2000169 0.1396628 0.2700847
0.07008137 0.06981762 0.07002015 0.09008086 0.1599691 0.2001319 0.1499293 0.1899696
0.05015773 0.07986651 0.05995597 0.1000198 0.0795554 0.2304204 0.1703309 0.2296933
0.03987488 0.04999179 0.04941854 0.1007148 0.1497857 0.1903476 0.2809209 0.1389458
0.0294765 0.1004791 0.07989814 0.1101463 0.140374 0.1496704 0.1902514 0.1997042
0.02972394 0.06016697 0.08000804 0.110101 0.1403932 0.1297159 0.1898748 0.2600161
0.02985818 0.07011657 0.05998954 0.09003571 0.1099408 0.2000844 0.1902115 0.2497633
0.02963851 0.04991705 0.08990262 0.1405418 0.1604221 0.1600223 0.1800368 0.1895188
0.02952466 0.1104127 0.05988652 0.1401761 0.1406723 0.1493903 0.1199165 0.2500209
0.00962614 0.0701183 0.09054035 0.0997152 0.1001456 0.21011 0.1396879 0.2800565
