0.03757937 0.07070484 0.07796966 0.1237461 0.1814101 0.1703057 0.2230409 0.1152433
0.0711871 0.03840237 0.09002287 0.1103877 0.1402655 0.130145 0.1785245 0.241065
0.0494155 0.06066345 0.06780805 0.132113 0.1419266 0.09799445 0.2108498 0.2392291
0.0190909 0.008203834 0.05909414 0.1336111 0.182867 0.1598383 0.178948 0.2583468
0.07146861 0.02628928 0.09074607 0.121496 0.1492156 0.2130265 0.1385697 0.1891882
0.03960584 0.05023626 0.1113665 0.09879144 0.1106205 0.1095374 0.2084072 0.2714349
0.06076471 0.02789319 0.1423034 0.09903867 0.11913 0.1422121 0.1978018 0.2108561
0.03902448 0.04945973 0.1104246 0.1310912 0.1310176 0.1404982 0.1895333 0.2089509
0.0601194 0.05929112 0.05832492 0.1422646 0.1518701 0.1387194 0.1496856 0.2397249
0.0286892 0.04857396 0.1121751 0.1405618 0.1313108 0.191426 0.1278249 0.2194382
0.0718757 0.05870851 0.1140985 0.04531725 0.09779272 0.1816231 0.146233 0.2843512
0.008219609 0.03886986 0.1122017 0.1107088 0.1092699 0.2336407 0.2003088 0.1867807
0.02647418 0.1138942 0.04328427 0.1963473 0.1334732 0.07615839 0.2567684 0.1536001
0.01874476 0.05020787 0.03489208 0.1861553 0.1008816 0.1401658 0.2554816 0.213471
0.07932765 0.1215145 0.1241294 0.07502848 0.1420829 0.117075 0.07446006 0.266382
0.01840554 0.0504892 0.05900166 0.1321036 0.1426471 0.1384582 0.1799457 0.278949
0.05132454 0.02699125 0.1000151 0.1416691 0.07759651 0.1940877 0.2010639 0.2072519
0.05046183 0.02764343 0.05826338 0.1536314 0.1512224 0.1706724 0.1600524 0.2280529
0.04017812 0.02797978 0.1111183 0.1207238 0.1092429 0.1725992 0.1994607 0.2186972
0.08019344 0.07932235 0.05704091 0.1434433 0.1505329 0.1599513 0.1722328 0.157283
0.0498862 0.03821906 0.05929274 0.132602 0.1822717 0.179623 0.1285494 0.2295559
0.01852936 0.05041801 0.04849972 0.1325529 0.1425022 0.1485504 0.1804687 0.2784787
0.04981292 0.04921866 0.06724858 0.1537198 0.1307029 0.1402656 0.2122356 0.1967959
0.09253276 0.04714092 0.1018318 0.09849454 0.118562 0.1717643 0.1270735 0.2426002
0.02777389 0.08145243 0.06987099 0.1109027 0.1627208 0.1580528 0.1596343 0.229592
0.04032673 0.05001012 0.03809599 0.09156717 0.1194943 0.1701688 0.232083 0.2582539
0.02746758 0.04989031 0.1223272 0.110315 0.1932798 0.1493623 0.1469255 0.2004324
0.007870892 0.03958174 0.07091914 0.1216282 0.1628765 0.1996709 0.1383335 0.2591191
0.08081279 0.07920827 0.1199218 0.1400571 0.08893458 0.1310444 0.1703308 0.1896903
0.06077678 0.0286548 0.05645757 0.1341108 0.1504232 0.1201452 0.2523424 0.1970892
0.05016135 0.07921234 0.01527965 0.1853467 0.110565 0.1900613 0.163994 0.2053797
0.01815849 0.05046257 0.07944317 0.1119358 0.1411099 0.160269 0.2312884 0.2073326
0.01747026 0.07106658 0.03628542 0.1851777 0.1538771 0.137586 0.1723672 0.2261696
0.04935496 0.0694082 0.06697191 0.1642649 0.1200977 0.1711392 0.2035755 0.1551877
0.00870277 0.02992881 0.1135659 0.06780249 0.1105078 0.1508607 0.2172235 0.301408
0.02675014 0.06082881 0.1524936 0.09992742 0.1827235 0.1296975 0.1880327 0.1595463
0.04893263 0.06964632 0.1305488 0.1708722 0.1113832 0.1200379 0.1491354 0.1994435
0.02686783 0.09259532 0.06919976 0.1213371 0.1844585 0.1160784 0.1594739 0.2299892
0.03990389 0.0363698 0.1033155 0.1104108 0.1391698 0.3045565 0.09761081 0.1686629
0.01752749 0.06196725 0.04672514 0.1537801 0.1645357 0.0759696 0.2112117 0.268283
0.06145519 0.04740797 0.05971157 0.1114253 0.1183711 0.2427657 0.1504621 0.208401
0.01715006 0.101471 0.03647598 0.184903 0.1328236 0.1785553 0.1635503 0.1850707
0.08243566 0.05800645 0.07106462 0.06849327 0.1177012 0.2118567 0.1487985 0.2416436
0.01743737 0.07051 0.06899753 0.1430551 0.1522311 0.1898216 0.171334 0.1866133
0.02673026 0.09339606 0.0692509 0.09062278 0.1940171 0.1058566 0.2000017 0.2201246
0.06053682 0.05887371 0.08041387 0.1201756 0.1306158 0.1599737 0.1384335 0.250977
0.02724348 0.05116705 0.05744129 0.1541482 0.2263144 0.07527506 0.1690008 0.2394097
0.01831461 0.04975907 0.04829315 0.1436332 0.152217 0.1897093 0.1711753 0.2268984
0.007752499 0.04094224 0.09140484 0.07990042 0.1624264 0.1288788 0.2284162 0.2602785
0.07203316 0.04756684 0.1016076 0.06879244 0.08550368 0.2348963 0.2108556 0.1787444
