0.1395808 0.1531771 0.08912277 0.05811934 0.1500507 0.09719136 0.1712457 0.1415122
0.09851966 0.1102593 0.1592224 0.1619986 0.1207856 0.1104354 0.1514723 0.08730666
0.119162 0.1316274 0.09759695 0.1516136 0.1421537 0.07705679 0.1410873 0.1397022
0.1952416 0.05406362 0.1001924 0.1205023 0.1370952 0.1735995 0.07747073 0.1418345
0.163274 0.0770102 0.06622904 0.2034867 0.1308523 0.08886348 0.09964464 0.1706396
0.1427468 0.08676898 0.1948155 0.0956687 0.07672687 0.1537573 0.0857108 0.163805
0.08696676 0.2130332 0.1608726 0.1391274 0.0801385 0.1198615 0.1220222 0.07797784
0.06991857 0.1510604 0.182469 0.1265521 0.01621828 0.1428028 0.1613942 0.1495848
0.07662493 0.1212698 0.1306526 0.1514526 0.1841645 0.1179407 0.09855789 0.1193368
0.05491371 0.1842968 0.1186367 0.1521528 0.1432442 0.1175453 0.1532054 0.07600512
0.1829432 0.1720673 0.06653824 0.06845124 0.06598311 0.09900636 0.2045354 0.1404751
0.1400782 0.171206 0.1110345 0.08768125 0.1197534 0.1289624 0.09913388 0.1421503
0.101222 0.1098991 0.1188536 0.1800253 0.06935169 0.08952726 0.1405727 0.1905484
0.1517956 0.1702833 0.08933871 0.09858234 0.08780963 0.1401114 0.121056 0.1410229
0.130954 0.109046 0.1528488 0.08715125 0.1187828 0.1412172 0.1074144 0.1525856
0.117193 0.2139754 0.09763223 0.1411994 0.1220807 0.08675088 0.1330941 0.08807433
0.06555054 0.1631653 0.1822564 0.1190278 0.1320916 0.1191926 0.1301015 0.08861428
0.120153 0.1607838 0.1002575 0.07880563 0.1078523 0.1812109 0.1417372 0.1091996
0.1081108 0.1087313 0.1718892 0.1712687 0.1524155 0.1307424 0.06758449 0.08925762
0.1415019 0.2016296 0.08957839 0.11729 0.06881385 0.09805457 0.1001058 0.1830258
0.1430093 0.1279381 0.07985357 0.09919906 0.09694859 0.192104 0.1101885 0.1507588
0.1194031 0.1199653 0.1599919 0.1606397 0.1106232 0.1000084 0.1199818 0.1093866
0.09673443 0.1731182 0.1117099 0.05843747 0.1813603 0.1687871 0.1201954 0.08965726
0.1092452 0.121018 0.1718352 0.09790166 0.1095443 0.1101925 0.1493753 0.1308878
0.1892336 0.1915349 0.1729055 0.07632608 0.1100717 0.08915988 0.06778924 0.1029792
0.1407641 0.08773591 0.1613426 0.1601574 0.1308307 0.1106693 0.0770627 0.1314373
0.1537029 0.158655 0.1002728 0.1073693 0.04581819 0.1518239 0.1102062 0.1721517
0.1003523 0.1205688 0.1094857 0.1195933 0.09904245 0.1300365 0.1611196 0.1598015
0.1499113 0.1508151 0.1200563 0.1092173 0.1303309 0.1089428 0.1097016 0.1210248
0.1078553 0.1629447 0.09995165 0.1192484 0.1634921 0.08570791 0.09870099 0.162099
0.06992505 0.1390855 0.1524949 0.1584946 0.04759074 0.1833987 0.1099893 0.1390212
0.04610002 0.1318316 0.1302052 0.2018632 0.1443947 0.1076737 0.09930002 0.1386316
0.130035 0.109865 0.2233573 0.1267427 0.08989134 0.08020866 0.09671642 0.1431836
0.07949811 0.08949137 0.1636133 0.1073973 0.1201651 0.1408455 0.1167236 0.1822659
0.108635 0.1206808 0.1421213 0.07856294 0.1602282 0.150456 0.1290156 0.1103002
0.118599 0.171601 0.1298237 0.1199763 0.1098378 0.1299622 0.1317394 0.08846056
0.1099683 0.1302844 0.09783866 0.1519087 0.109737 0.1300104 0.1524561 0.1177966
0.1112957 0.098599 0.1714699 0.1486353 0.06807269 0.1220326 0.1291617 0.1507331
0.1397091 0.1723961 0.09921053 0.08868421 0.1197645 0.1081302 0.1413158 0.1307895
0.1490588 0.1525465 0.1099149 0.07847985 0.1613359 0.0870588 0.1296904 0.1319149
0.1721818 0.1481603 0.1200329 0.109625 0.08680245 0.1628554 0.1109829 0.08935924
0.1505845 0.0888892 0.1615762 0.09895014 0.1499418 0.1105845 0.1178975 0.1215762
0.119398 0.1201599 0.0657837 0.1546584 0.1608441 0.139598 0.1639742 0.0755837
0.131419 0.07701788 0.1529348 0.1086284 0.1391021 0.1624611 0.08654417 0.1418927
0.1704607 0.1198446 0.09959332 0.1001014 0.1811709 0.1085239 0.0987751 0.1215302
0.1513864 0.192003 0.07884042 0.1077701 0.08947671 0.08713382 0.1102964 0.1830931
0.1616039 0.1496593 0.1205568 0.08818006 0.09760665 0.1411302 0.1202327 0.1210305
0.1517093 0.1611749 0.127837 0.1392788 0.04746967 0.07964612 0.1629841 0.1299001
0.1212681 0.1101266 0.1697582 0.148847 0.058274 0.08033126 0.1606997 0.1506951
0.1183865 0.1413714 0.1516675 0.0785746 0.1396661 0.140576 0.1402799 0.08947803
