0.1050943 0.1544612 0.1090884 0.111356 0.163739 0.1267054 0.1320783 0.09747728
0.1408659 0.1162452 0.1450452 0.1178437 0.1403007 0.1525881 0.06378815 0.123323
0.1169698 0.08803025 0.2188944 0.07610556 0.1595747 0.1454253 0.1145611 0.08043889
0.1668202 0.06420198 0.1169328 0.1320449 0.1161798 0.112798 0.1500672 0.1409551
0.113087 0.1241352 0.09043148 0.1723463 0.09845741 0.1943204 0.06802407 0.1391981
0.05490601 0.132794 0.08892485 0.1533751 0.144994 0.157306 0.1211751 0.1465249
0.05006672 0.1587777 0.1768444 0.1943112 0.1172888 0.05386672 0.1658 0.0830444
0.1389733 0.1268044 0.1077427 0.1764795 0.1533822 0.14084 0.07990173 0.07587605
0.1201265 0.1393179 0.132571 0.1379846 0.110429 0.1301265 0.08687346 0.142571
0.1593549 0.154534 0.1179475 0.1181636 0.1334228 0.05268827 0.1192747 0.1446142
0.1988605 0.1038728 0.1240407 0.08322593 0.1044728 0.1327938 0.07262593 0.1801074
0.1551074 0.1142926 0.1307568 0.1098432 0.08155926 0.1890407 0.1325765 0.08682346
0.1104659 0.1479341 0.1229119 0.1086881 0.09548968 0.2061103 0.1111325 0.09726746
0.07761506 0.1358849 0.1688195 0.1276805 0.05771827 0.07878173 0.2158472 0.1376528
0.1629412 0.1023921 0.181039 0.07362765 0.1357254 0.1989412 0.04029432 0.105039
0.105562 0.05879358 0.1916232 0.1240212 0.2056602 0.0899842 0.1471546 0.07720099
0.07270252 0.09325304 0.1919493 0.1220951 0.1759308 0.08811363 0.1694173 0.08653822
0.1191558 0.1037886 0.07286889 0.1541867 0.178222 0.02883358 0.1497533 0.1931911
0.1773772 0.08383395 0.1008327 0.1079562 0.1376228 0.131166 0.08416728 0.1770438
0.1639561 0.1082772 0.1208056 0.09696107 0.1282328 0.1095339 0.1170055 0.1552278
0.09385274 0.1487917 0.1160139 0.1113416 0.1553028 0.06205274 0.1948305 0.1178139
0.1997371 0.05131846 0.06830858 0.05063586 0.1895407 0.2094038 0.1524136 0.07864191
0.1428351 0.1422093 0.1171414 0.1078141 0.07554264 0.09941291 0.1744808 0.1405636
0.1224863 0.1270248 0.1326976 0.1477913 0.08791368 0.1425752 0.08690237 0.1526087
0.1361422 0.08430222 0.09136395 0.0881916 0.1245467 0.1950089 0.1179472 0.1624973
0.07377941 0.241265 0.07547738 0.09947817 0.08990948 0.1350461 0.1808337 0.1042107
0.1206809 0.1505969 0.05413512 0.1445871 0.1308191 0.1479031 0.1243649 0.1269129
0.1169162 0.1337727 0.09750106 0.11181 0.1740949 0.1052162 0.1414878 0.1192011
0.1325794 0.1587095 0.1436132 0.1450979 0.06724286 0.1214682 0.07656454 0.1547243
0.1621296 0.1270926 0.09552469 0.1552531 0.129537 0.1312407 0.1128086 0.08641358
0.1096129 0.09656489 0.1304575 0.1333647 0.1386982 0.175124 0.1312314 0.08494637
0.08454963 0.1096726 0.1208763 0.1349015 0.1948281 0.1709496 0.1097459 0.0744763
0.1696256 0.09628553 0.0585917 0.1154972 0.04661886 0.15747 0.2651639 0.09074726
0.08812435 0.1131423 0.1397176 0.1190157 0.110409 0.09832435 0.181749 0.1495176
0.1114549 0.115834 0.1202809 0.1824302 0.09947842 0.1532327 0.08878578 0.1285031
0.177142 0.1289691 0.1110679 0.07282099 0.08396914 0.1099198 0.127821 0.1882901
0.1738417 0.1352694 0.1741336 0.1167553 0.07390272 0.1469862 0.08812198 0.09098914
0.1309116 0.07553284 0.1723723 0.1711832 0.1325551 0.1010005 0.08416099 0.1322835
0.138265 0.1116461 0.07347822 0.1166107 0.2027795 0.1173094 0.1654773 0.07443378
0.1333537 0.1266352 0.1326044 0.1174067 0.08502412 0.164987 0.1090179 0.130971
0.08621043 0.1670673 0.1213266 0.07539562 0.109334 0.1273882 0.173129 0.1401488
0.08472222 0.1347222 0.1158951 0.1646605 0.1458333 0.08472222 0.1535494 0.1158951
0.1428464 0.161987 0.07826352 0.1869031 0.05587586 0.0892908 0.1930143 0.09181907
0.1439117 0.08278827 0.1566438 0.1066562 0.1266438 0.1766562 0.07280062 0.1338994
0.1424963 0.1054593 0.2180593 0.1439852 0.0775037 0.1145407 0.06194074 0.1360148
0.0723317 0.2116239 0.1104201 0.0756243 0.122735 0.1133095 0.1645132 0.1294424
0.08857968 0.1085981 0.1650327 0.09778956 0.1058759 0.1869463 0.1505118 0.096666
0.11996 0.07667338 0.1066623 0.1667044 0.1739512 0.1194155 0.1194266 0.1172067
0.0685979 0.07506877 0.2006675 0.1056658 0.1063577 0.2099757 0.1143769 0.1192898
0.1328352 0.1210537 0.09967469 0.07643642 0.1166093 0.1295019 0.1608809 0.163008
