0.07002597 0.04993347 0.1100211 0.1100535 0.06005522 0.02994629 0.0299428 0.05002166 0.03994901 0.09007154 0.08000392 0.04994151 0.02994478 0.08007373 0.0800572 0.03995832
0.1100586 0.04997956 0.08997386 0.07999879 0.07002254 0.0399978 0.05996063 0.06000822 0.04996253 0.04000422 0.08000381 0.07001863 0.03997696 0.0299978 0.08004107 0.04999498
0.06002367 0.03997134 0.05998476 0.0299852 0.06996954 0.07001543 0.06994688 0.1001032 0.03993388 0.08006612 0.1100847 0.02995031 0.09004789 0.04997214 0.07000865 0.02993628
0.0499927 0.08003805 0.08002396 0.0599556 0.06001422 0.03997406 0.08002954 0.03997187 0.01992368 0.07002705 0.04991884 0.1201201 0.08004988 0.04998036 0.09004718 0.0299329
0.08001903 0.03998317 0.09005039 0.03996713 0.0499473 0.07006051 0.08005152 0.01992095 0.08001242 0.03998037 0.05996002 0.06002746 0.09002626 0.04997093 0.05993306 0.09008947
0.1000601 0.08002454 0.0699852 0.03991776 0.02994869 0.08009567 0.05000722 0.02996083 0.05995793 0.04995133 0.1100216 0.1200815 0.05002888 0.01993287 0.04999038 0.06003547
0.08004598 0.02996013 0.05995681 0.06003207 0.06000211 0.04999939 0.05995722 0.07004629 0.06999067 0.05000322 0.1100666 0.03994449 0.04995442 0.07004408 0.09002616 0.04997034
0.10002 0.08004136 0.08003709 0.04994276 0.07000399 0.0299859 0.03998819 0.02998068 0.0499299 0.0499919 0.03991444 0.1101225 0.120084 0.0299429 0.07002234 0.04999198
0.07999868 0.07000161 0.1000437 0.05996354 0.02995585 0.06000681 0.08003036 0.06999948 0.09007212 0.0399491 0.05998467 0.04998659 0.02996364 0.07005219 0.03995101 0.07004067
0.07004258 0.04998096 0.02999151 0.03996333 0.04997506 0.0299321 0.1101225 0.07999195 0.05997103 0.08003086 0.0299424 0.1000773 0.09004166 0.08002575 0.02991324 0.06999772
0.08003989 0.05997574 0.05993768 0.06003228 0.0499413 0.1201032 0.1100403 0.0199297 0.03996284 0.06001653 0.09005078 0.03998426 0.03998591 0.04997464 0.09004135 0.02998369
0.04995703 0.039992 0.09002875 0.08002783 0.09001952 0.03998379 0.04992827 0.09006282 0.07001923 0.05002093 0.04996775 0.04998648 0.09004206 0.02996545 0.08003739 0.04996071
0.07001281 0.06001924 0.03994992 0.07001723 0.09003045 0.05998237 0.1100633 0.05992465 0.05000621 0.02997396 0.05000381 0.06001682 0.04997135 0.05000362 0.05996212 0.09006212
0.02996094 0.08005019 0.03998807 0.03998578 0.03996012 0.04996946 0.05000489 0.08008054 0.04996396 0.08999488 0.09004697 0.08000921 0.1200974 0.1000031 0.03997769 0.01990685
0.100065 0.06997434 0.05003277 0.03996743 0.03993067 0.08005202 0.01996705 0.05001072 0.05995251 0.08001435 0.02996915 0.06002445 0.1200804 0.06993066 0.05000241 0.08002603
0.05002665 0.02995413 0.03994207 0.1100992 0.06002828 0.05993326 0.0800066 0.09000983 0.04001543 0.02997778 0.0600439 0.03994088 0.02991603 0.1401485 0.08002104 0.0599365
0.07000369 0.07004097 0.07003758 0.01991776 0.04995903 0.04999631 0.09004479 0.07999987 0.07001964 0.03996493 0.05999157 0.06002386 0.08003326 0.04998217 0.03991044 0.1000741
0.05998587 0.1200391 0.06000812 0.04996626 0.04000452 0.08001982 0.07004898 0.02992737 0.07002455 0.09999277 0.04998266 0.06000072 0.009938209 0.0599952 0.06000708 0.08005881
0.08008589 0.03989768 0.06997834 0.07003018 0.03996285 0.08000911 0.1200652 0.06997074 0.009896592 0.1101437 0.07003857 0.01992908 0.03999921 0.060005 0.05997334 0.06001454
0.01992054 0.07007325 0.0600423 0.04996041 0.02997484 0.04001835 0.02994929 0.07006102 0.1100827 0.05993607 0.0398864 0.1400984 0.08004598 0.03994831 0.110098 0.04990422
0.08001134 0.05998116 0.06999367 0.04000883 0.1000332 0.08002443 0.02993178 0.04001564 0.05994811 0.08003847 0.1000753 0.0199431 0.06997516 0.05998818 0.07003146 0.04000019
0.07000941 0.0500031 0.06997534 0.06002896 0.03997577 0.0399981 0.07002385 0.03998547 0.08000782 0.04998057 0.1100527 0.0399421 0.06999439 0.07003084 0.06996072 0.07003086
0.08001733 0.1000518 0.03995161 0.02999281 0.04991375 0.09003017 0.09000609 0.07003647 0.02994502 0.06001082 0.07006161 0.01996905 0.1000761 0.0599551 0.08002855 0.02995382
0.05003359 0.02992906 0.130111 0.04993437 0.01993668 0.0700536 0.04998036 0.05002136 0.01991425 0.09007224 0.08994998 0.1000555 0.08006612 0.06999445 0.07000803 0.02993941
0.04995855 0 0.0700618 0.04997023 0.08002955 0.0900103 0.03996947 0.0800001 0.03005458 0.04992961 0.06000198 0.08002324 0.06997615 0.1100413 0.03994793 0.1000252
0.05997114 0.06001896 0.03996665 0.049988 0.09005049 0.04995921 0.08004148 0.08000407 0.1100753 0.0499494 0.08003656 0.06999397 0.02993298 0.0600425 0.01992538 0.07004389
0.09004959 0.06997775 0.04995261 0.1000291 0.07003655 0.04998618 0.02997747 0.04999069 0.03993278 0.07001485 0.08004218 0.09000108 0.06001111 0.04999119 0.0399977 0.06000911
0.02995202 0.07001754 0.07003597 0.08000068 0.01992094 0.07004781 0.06002374 0.06000131 0.06001103 0.080005 0.03993448 0.1000433 0.1001148 0.04993085 0.06000701 0.04995353
0.09003865 0.07001051 0.0600033 0.05999729 0.07001444 0.04997707 0.05000403 0.03995472 0.04997757 0.03997417 0.05000111 0.0499974 0.07998906 0.08001853 0.05997184 0.1000703
0.04998528 0.03998238 0.0800089 0.1000535 0.09002953 0.08003285 0.03997628 0.0199313 0.03998189 0.02997518 0.05998467 0.08002824 0.09001852 0.06999438 0.07001493 0.06000221
0.02996203 0.1100736 0.05999648 0.05997408 0.06006703 0.0499556 0.03998047 0.05999069 0.03999291 0.07997765 0.09005659 0.06996665 0.01993999 0.08003117 0.0600045 0.09003055
0.03998209 0.0700085 0.05998817 0.03999471 0.05999241 0.07997794 0.1200358 0.08002035 0.03998317 0.08004556 0.07002794 0.02996985 0.03997236 0.08003797 0.08001803 0.02994512
0.08001292 0.03997516 0.1300937 0.06994327 0.08002594 0.039994 0.09001656 0.05993848 0.04999949 0.04002245 0.01989391 0.07005913 0.04999769 0.01997236 0.05995981 0.1000952
0.02989772 0.1001087 0.04995731 0.05002125 0.08999707 0.08003797 0.0599997 0.02998028 0.07000966 0.04994889 0.1000652 0.04999127 0.1100706 0.03992937 0.06000271 0.02998228
0.03992526 0.1100565 0.08004316 0.03996946 0.06001405 0.08999998 0.04997605 0.06001554 0.09008296 0.06994888 0.06001031 0.02996346 0.01992548 0.09004689 0.06002274 0.0499993
0.05998778 0.03998778 0.07997254 0.1000667 0.07001212 0.03998507 0.08000832 0.04997967 0.06000561 0.0399995 0.0699926 0.05998747 0.0700094 0.05001272 0.08001162 0.04998107
0.04998677 0.07000842 0.01994469 0.1000938 0.08003907 0.04992808 0.05002466 0.05997455 0.05000051 0.0599935 0.04002677 0.03994559 0.09000849 0.1100352 0.03996905 0.09002094
0.04998007 0.07003307 0.03995201 0.06000572 0.08002383 0.06999548 0.05001313 0.04999669 0.05998409 0.04994651 0.1100844 0.09001409 0.08001742 0.08001953 0.01994502 0.0399889
0.05998035 0.06001482 0.1000661 0.05999316 0.0700409 0.03996312 0.05997636 0.02996516 0.07003337 0.03997586 0.01989372 0.0600426 0.04992656 0.09006502 0.1300826 0.05998026
0.05997053 0.09005952 0.07003067 0.04994529 0.06001503 0.04997575 0.03998257 0.06002064 0.08003688 0.03991705 0.05997394 0.1000661 0.05998797 0.08003726 0.05000241 0.04997836
0.05001134 0.04996063 0.07001041 0.06999439 0.06001551 0.07002133 0.05000421 0.04998217 0.03994059 0.1000586 0.09002243 0.0900016 0.06002174 0.04997025 0.03997376 0.06001103
0.05001204 0.04995783 0.01996004 0.06001032 0.1100829 0.09998585 0.06002254 0.05996844 0.04996542 0.1000468 0.05000761 0.09003994 0.03995021 0.06999893 0.0399992 0.0499919
0.05995029 0.08002386 0.06998275 0.1300903 0.0399988 0.0399966 0.01997558 0.03998177 0.1000777 0.04993919 0.07002808 0.04990774 0.0600078 0.06000571 0.03997896 0.09005478
0.02996445 0.0499978 0.1000926 0.03993958 0.04999439 0.0600003 0.03991764 0.1000933 0.06001663 0.07001512 0.059956 0.07001786 0.06000401 0.07000731 0.09005432 0.04992876
0.05000182 0.01992808 0.0800132 0.1000769 0.0800512 0.05997884 0.04994881 0.06000113 0.06001552 0.06003297 0.04998028 0.03995122 0.03992686 0.09006472 0.1000623 0.05996613
0.03997024 0.08003808 0.05001295 0.03992187 0.06003155 0.0700094 0.0500057 0.07001021 0.08003036 0.07995711 0.06997924 0.1400901 0.02997206 0.0499912 0.03999791 0.04998198
0.09002483 0.1200631 0.01988719 0.08006704 0.03996738 0.04995193 0.1301227 0.03991584 0.03998478 0.04998297 0.05004251 0.0199476 0.04998818 0.08003686 0.06998243 0.07003468
0.04999078 0.06000462 0.02997658 0.06999419 0.09007772 0.0399469 0.02996153 0.09004768 0.06999428 0.08000531 0.04998247 0.1200518 0.05999227 0.04998811 0.05002436 0.05996142
0.04996483 0.02997428 0.05001964 0.05001912 0.07996243 0.1000544 0.05999749 0.05000782 0.1200971 0.0399458 0.0299455 0.06003375 0.08998569 0.09001552 0.07002736 0.02994932
0.08999911 0.06997375 0.1100844 0.04993827 0.07999489 0.05998317 0.07001603 0.06001041 0.05997926 0.07003537 0.02992325 0.07006663 0.07002975 0.0500047 0.02997336 0.02998769
