0.08374217 0.03407069 0.05988289 0.1019885 0.03728729 0.0804921 0.06181582 0.06072058 0.02553127 0.1041822 0.04906113 0.0915412 0.08332349 0.09137081 0.02935596 0.005633959
0.04578512 0.1469797 0.08012139 0.04805586 0.05994036 0.04935821 0.0607762 0.03898311 0.04938959 0.05773503 0.08138728 0.060546 0.08329019 0.03752176 0.04930987 0.05082029
0.1818424 0.03335756 0.06163163 0.02527364 0.02764223 0.06035555 0.07139328 0.05850367 0.03503125 0.07292665 0.01635618 0.07358066 0.02628408 0.08256024 0.06981891 0.103442
0.03519967 0.08282072 0.1353894 0.05872174 0.02747638 0.0285398 0.04869066 0.07316158 0.0937067 0.04806239 0.05759476 0.03850457 0.09288041 0.07131394 0.05906197 0.04887526
0.04893532 0.0272597 0.1242571 0.08975845 0.06101207 0.03976799 0.04825754 0.08075188 0.0711151 0.07268989 0.05779917 0.05818532 0.05030594 0.02891401 0.0483178 0.09267278
0.0497531 0.02883695 0.07095388 0.05963502 0.08150252 0.06137668 0.05872207 0.06921979 0.07086495 0.05043448 0.06960564 0.06991599 0.05956891 0.02766241 0.06902894 0.1029187
0.09186595 0.09857394 0.03573382 0.1038263 0.03819022 0.08158595 0.0622138 0.03801002 0.04773472 0.1020359 0.08423338 0.03599598 0.05134595 0.04866734 0.02868216 0.05130455
0.06117018 0.03777318 0.08252448 0.06819005 0.05724811 0.0807944 0.09178538 0.09051422 0.02806394 0.0513348 0.02651286 0.0944305 0.09427566 0.05933973 0.03841938 0.03762312
0.09337634 0.06055441 0.02585243 0.03021682 0.09474148 0.0388901 0.05972274 0.01664568 0.05627879 0.08189573 0.1250326 0.02679287 0.02428761 0.04997555 0.110708 0.1050288
0.08298133 0.05708099 0.03696492 0.1144991 0.01576267 0.1230947 0.09299354 0.0566228 0.05160662 0.03859422 0.04120197 0.02707088 0.02833359 0.1025459 0.06015535 0.07049146
0.07916026 0.07137971 0.03932346 0.04912604 0.1479578 0.003317209 0.03954712 0.05018841 0.08887639 0.07013101 0.04864266 0.09336047 0.06692662 0.06225102 0.0395657 0.05024613
0.05828274 0.09228854 0.05987858 0.08096067 0.006557795 0.06074267 0.01583216 0.09545685 0.1162925 0.03389411 0.06025642 0.05814644 0.03863538 0.1033063 0.08426442 0.03520447
0.08373881 0.05919704 0.05002482 0.04598143 0.08333113 0.06029064 0.08296946 0.04446667 0.02621876 0.07193486 0.04791095 0.1249933 0.02810603 0.01718273 0.04770003 0.1259533
0.06934266 0.04773679 0.1045248 0.0492905 0.06118272 0.02659546 0.0377778 0.0635493 0.1012097 0.09181612 0.0357331 0.05034635 0.05731756 0.104799 0.08291168 0.01586649
0.08900155 0.1024411 0.09018191 0.05947019 0.05986877 0.05024428 0.0470219 0.06177032 0.07028042 0.05981905 0.05954222 0.03926358 0.05002821 0.02831664 0.09407503 0.03867485
0.08405804 0.04736556 0.02808708 0.06117353 0.04885054 0.06890481 0.0277068 0.09385364 0.03725597 0.07068885 0.07346179 0.04790918 0.08031966 0.1225566 0.05026012 0.05754786
0.04983556 0.03681416 0.08071143 0.07290201 0.05862547 0.08094365 0.03583702 0.08433071 0.04845123 0.09389378 0.0826871 0.00470473 0.08121406 0.08022209 0.08263814 0.02618887
0.07046799 0.05926008 0.08244678 0.03737778 0.08088331 0.08041494 0.09185785 0.04729127 0.06020969 0.06060434 0.03748053 0.06215281 0.03763901 0.06052064 0.05901484 0.07237813
0.07263923 0.05594077 0.06975107 0.1018584 0.04053192 0.06045594 0.07233447 0.04648819 0.03742651 0.1257567 0.06024802 0.04637935 0.01840234 0.03884663 0.04866645 0.1042741
0.05902914 0.09191642 0.03810335 0.08016161 0.09470686 0.02596807 0.0273289 0.08278565 0.05885677 0.08016082 0.06006753 0.1017044 0.04901249 0.05034942 0.06289497 0.03695365
0.02639198 0.07163831 0.07475484 0.01530961 0.06155292 0.04908798 0.05239059 0.03887377 0.1231484 0.1087897 0.04605049 0.1139166 0.05931723 0.07007345 0.01639355 0.07231051
0.03799828 0.03955579 0.1031121 0.08167063 0.02776516 0.07273617 0.01467001 0.06249182 0.09462959 0.02673739 0.05806276 0.04823342 0.05887013 0.09170749 0.1248919 0.05686729
0.04005922 0.05882193 0.05860001 0.08259779 0.006585607 0.0711302 0.07250943 0.05969582 0.0498386 0.0908013 0.11497 0.03431111 0.05077447 0.1019887 0.03666263 0.07065317
0.004115797 0.1151279 0.1025399 0.069627 0.06992659 0.06927405 0.05862685 0.07076198 0.02998543 0.04917615 0.06059327 0.03883462 0.09411954 0.05827455 0.06009266 0.04892377
0.04704711 0.07361652 0.0803007 0.07089883 0.0603374 0.007162408 0.08284711 0.03778992 0.07070112 0.03866157 0.06916381 0.05961034 0.1134407 0.03903319 0.05616206 0.09322722
0.03715938 0.06149191 0.09312687 0.03833238 0.08101679 0.04826849 0.1008928 0.0697114 0.07225662 0.0500342 0.03737071 0.04022794 0.05887247 0.06090014 0.07930437 0.07103355
0.1141124 0.06873166 0.03607862 0.07236677 0.04065894 0.02773936 0.03848462 0.05182761 0.07857069 0.08002207 0.09266431 0.04745346 0.02583689 0.09432797 0.09359351 0.0375311
0.05003843 0.02878171 0.07019092 0.0502942 0.03823879 0.07309231 0.04895342 0.05041021 0.09183292 0.04833641 0.1226912 0.05783422 0.05920564 0.07047378 0.06884868 0.07077715
0.04779718 0.1242449 0.0629266 0.03661024 0.05977192 0.02494498 0.04950431 0.09419985 0.03828176 0.08028666 0.005463159 0.08438947 0.1144018 0.0902708 0.0618533 0.02505307
0.06860885 0.07995497 0.04771048 0.08423097 0.047949 0.0805919 0.05987613 0.05107771 0.09257251 0.0690321 0.06162673 0.0162634 0.05924333 0.09204735 0.07241298 0.0168016
0.07087781 0.04920813 0.02555176 0.08307809 0.03782841 0.09275546 0.1033466 0.06735377 0.09420248 0.03724842 0.08364607 0.03618724 0.0170492 0.06083009 0.0474977 0.0933388
0.06087988 0.04922497 0.03629555 0.08267855 0.02788182 0.05017676 0.08244749 0.06041498 0.06988605 0.06985121 0.1023984 0.07878544 0.06082593 0.07127337 0.05938492 0.03759472
0.0592441 0.1038664 0.08199356 0.03627486 0.03871923 0.06087107 0.06087486 0.02815589 0.04922959 0.04713357 0.05737209 0.1048858 0.07122813 0.06970788 0.08133844 0.0491045
0.08958816 0.103788 0.04769075 0.04945939 0.04789632 0.06088817 0.0490025 0.05168669 0.08050182 0.03593253 0.08135501 0.07168432 0.08159266 0.05981233 0.07237279 0.01674854
0.09223591 0.07031399 0.0599876 0.04831513 0.1017655 0.0371755 0.05907189 0.07113452 0.01476829 0.06220286 0.04935668 0.07281953 0.102483 0.04905501 0.0603312 0.04898345
0.07975676 0.03902263 0.1457139 0.0374014 0.09032146 0.06095316 0.0473685 0.04946213 0.06031478 0.02957952 0.05879513 0.02941584 0.07993332 0.05011837 0.05779611 0.08404694
0.0777069 0.1350776 0.05982139 0.04805723 0.05755959 0.08175172 0.03852425 0.08150128 0.07187484 0.03628273 0.06228219 0.03889709 0.08372183 0.02602476 0.02850901 0.07240756
0.1056309 0.03445498 0.028592 0.07155369 0.062937 0.01652337 0.01995991 0.04034814 0.06410027 0.1555086 0.07137434 0.08878523 0.06945814 0.08138674 0.01794744 0.07143925
0.05958966 0.08030712 0.0280788 0.07206653 0.07177153 0.04759707 0.06272258 0.03786672 0.0693237 0.1012216 0.05041505 0.05899752 0.06978881 0.08040049 0.03830989 0.07154292
0.08335315 0.01396403 0.1032575 0.05863584 0 0.04620083 0.1030051 0.09158358 0.08070641 0.1045554 0.05754443 0.04798327 0.02488781 0.06633241 0.04724563 0.07074468
0.1137414 0.01570261 0.03644301 0.09274458 0.08229564 0.03830358 0.0931759 0.0475933 0.10137 0.05002813 0.05925588 0.08071442 0.01501405 0.06354462 0.04870416 0.06136875
0.08257137 0.03996876 0.06877105 0.03916776 0.08229937 0.02817462 0.07788863 0.05115842 0.03688942 0.04045992 0.08952107 0.07265064 0.05743984 0.06219669 0.1446192 0.02622317
0.0695664 0.07242305 0.04846806 0.06107933 0.0923669 0.006162211 0.05899978 0.07093427 0.04770362 0.06160166 0.06078325 0.03837463 0.1125052 0.02767097 0.07960681 0.09175388
0.04997351 0.04845526 0.08294014 0.04874161 0.03916525 0.08155252 0 0.07917171 0.08185916 0.06808575 0.1035241 0.04642043 0.04830734 0.1126012 0.03423046 0.07497152
0.07177005 0.05964567 0.04002658 0.02825244 0.09237489 0.05840247 0.04666023 0.09286767 0.04801748 0.08253522 0.03910555 0.05064701 0.05810073 0.05915349 0.1039445 0.06849604
0.08260867 0.016144 0.0491195 0.08311731 0.07120943 0.04956256 0.03819359 0.05004495 0.08001112 0.06098358 0.0488657 0.05915013 0.06773394 0.08174671 0.09225806 0.06925077
0.04940612 0.08059767 0.02844223 0.0287645 0.02586957 0.09245212 0.04996074 0.09450704 0.07980214 0.1207941 0.09368911 0.05850416 0.08389058 0.05718773 0.02893949 0.02719273
0.1042107 0.03552275 0.03772494 0.08308898 0.08126276 0.06021377 0.05099365 0.02698246 0.04528102 0.1049224 0.06114123 0.04810801 0.08052973 0.0480569 0.04885597 0.08310476
0.07236206 0.03869833 0.04004318 0.04705433 0.08161654 0.08056407 0.09346401 0.04619749 0.05999814 0.03812042 0.02533873 0.1483848 0.03730748 0.07133297 0.05986988 0.05964758
0.07141902 0.04872746 0.06145419 0.04989407 0.05904535 0.1025367 0.05047689 0.03644632 0.0719676 0.03783329 0.05084174 0.02786263 0.05764698 0.1008236 0.04714823 0.1258759
