0 0.009985986 0.06002033 0.04999369 0.06997598 0.120038 0.3400037 0.3499823
0 0.0199991 0.03999099 0.05000991 0.100005 0.0699959 0.360004 0.3599951
0 0.0199969 0.01997055 0.07003255 0.05998018 0.1300229 0.3000493 0.3999476
0 0.009992993 0.04000531 0.0500017 0.0699969 0.09001011 0.3199978 0.4199952
0 0.009986186 0.07002423 0.05998958 0.05998178 0.100032 0.329994 0.3699922
0 0.009989189 0.04001832 0.02999249 0.1099878 0.140023 0.3199939 0.3499953
0 0.0299955 0.07003475 0.04996975 0.08998879 0.1100157 0.2799765 0.370019
0 0.020002 0.01997516 0.06002283 0.09001622 0.06998178 0.3000086 0.4399934
0 0.020005 0.05003385 0.02996114 0.03998148 0.09001351 0.2999847 0.4700203
0 0.009994595 0.02997484 0.07003057 0 0.1300054 0.3500252 0.4099694
0 0.05002102 0.03001052 0.01996846 0.08997688 0.1500021 0.2700126 0.3900084
0 0.02001001 0.02998999 0 0.06998799 0.110002 0.310022 0.459988
0 0.01997798 0.03998517 0.08003685 0.140008 0.140014 0.2600068 0.3199712
0 0.009986587 0.05000911 0.0700043 0.069998 0.1000154 0.2799929 0.4199937
0 0.01999029 0.02999559 0.04001412 0.1199649 0.1900448 0.3200395 0.2799507
0 0 0.06000694 0.06999306 0.1100132 0.1099868 0.2699799 0.3800201
0 0.009994795 0.009971556 0.06003365 0.0700016 0.1100036 0.2800268 0.459968
0 0.0100034 0.0100008 0.009995795 0.05996757 0.150029 0.3500316 0.4099718
0 0 0.02998244 0.05001756 0.120005 0.109995 0.3500126 0.3399874
0 0.03000661 0.01998418 0.04000922 0.07997077 0.1500226 0.3200451 0.3599616
0 0.01999479 0.04001041 0.05999479 0.0800044 0.1100008 0.2399852 0.4500096
0 0.04001572 0.00997206 0.04001222 0.08998198 0.1400023 0.300046 0.3799698
0 0.0200011 0.04002674 0.02997216 0.02995646 0.1600424 0.2800168 0.4399843
0 0.009991992 0 0.05000801 0.130004 0.160004 0.289996 0.359996
0 0.0199992 0.01999539 0.04000541 0.08999379 0.150007 0.2600108 0.4199884
0 0.030003 0.01999199 0.04000501 0.09998599 0.170011 0.260022 0.379981
0 0.01998959 0.04997876 0.09003165 0.02995015 0.1400603 0.3400711 0.3299185
0 0.04001031 0.01999239 0.0299973 0.1399981 0.1499916 0.2700095 0.3500008
0 0.009987588 0.03998588 0.09002653 0.08001762 0.06999479 0.2699965 0.4399911
0 0.009994995 0.03002253 0.01998247 0.08999249 0.1500125 0.269985 0.43001
0 0.04001271 0.02998809 0.0599992 0.09001021 0.07997708 0.2600017 0.440011
0 0.009986787 0.0300037 0.04000951 0.1400095 0.1400037 0.2799868 0.36
0 0.009998498 0.02000751 0.01999399 0.06997798 0.1500235 0.3100145 0.419984
0 0.030003 0.0600033 0.05999369 0.04996717 0.1000298 0.3500295 0.3499735
0 0.06001802 0.01997777 0.06000421 0.08998799 0.149994 0.2300342 0.3899838
0 0.04001251 0.03000831 0.03997917 0.06998749 0.14 0.2300042 0.4500083
0 0.0300024 0.01995654 0.07004106 0.1100042 0.08999339 0.3300393 0.3499631
0 0.01999479 0.0400036 0.0600016 0.05998018 0.130025 0.2800162 0.4099786
0 0.0199962 0.05000941 0.06999439 0.03997708 0.1100267 0.2800135 0.4299827
0 0.04001001 0.01996795 0.06002204 0.099995 0.109995 0.3000371 0.369973
0 0.0199969 0.01996364 0.07003946 0.06998178 0.1200213 0.3300546 0.3699423
0 0.03001111 0.01998237 0.04000651 0.05997177 0.1200171 0.3400459 0.3899653
0 0.030001 0 0.069999 0.1300343 0.1299647 0.1999657 0.4400353
0 0.02000651 0.009956737 0.06003676 0.08001401 0.04997948 0.3500292 0.4299773
0 0.020002 0.04002303 0.02997496 0.05998198 0.120016 0.289995 0.440007
0 0.01999139 0.08005247 0.02995614 0.03993654 0.1600721 0.350011 0.3199804
0 0.009991992 0.05001772 0.03999028 0.06998539 0.1000226 0.3499969 0.3799951
0 0.009993994 0.03000571 0.0400003 0.09000801 0.099998 0.2899863 0.4400077
0 0.04002002 0.009969958 0.03001002 0.07996246 0.1300175 0.3800676 0.3299524
0 0.0200016 0.0299988 0.0299996 0.109995 0.1000034 0.3600062 0.3499954
