0 0 0.02005309 0.01994691 0.09019798 0.06980202 0.3297489 0.4702511
0 0.04006465 0.02960616 0.07032919 0.09987071 0.1000646 0.3405231 0.3195415
0 0.04018586 0 0.03981414 0.06950707 0.1603071 0.3704929 0.3196929
0 0.009931313 0.009741082 0.0503276 0.1302949 0.09977374 0.279964 0.4199673
0 0.0199899 0.01983157 0.06017853 0.1002253 0.08978485 0.2499432 0.4600467
0 0.0199798 0.02994721 0.060073 0.08006061 0.0999596 0.2599922 0.4499876
0 0.04013737 0.04002161 0.02984102 0.109899 0.08996364 0.3500794 0.340058
0 0.009964647 0.04005461 0.03998075 0.03970707 0.1003283 0.3802383 0.3897263
0 0 0.04020885 0.02979115 0.08989899 0.160101 0.2698922 0.4101078
0 0.02004646 0.01999798 0.02995556 0.05978384 0.1401697 0.2902182 0.4398283
0 0.02001313 0.06038486 0.02960201 0.09011919 0.05986768 0.3094959 0.4305172
0 0.0402101 0 0.0797899 0.01958788 0.100202 0.3604121 0.399798
0 0.02003232 0.02001835 0.01994932 0.1300121 0.1299556 0.3099695 0.3700628
0 0.07028283 0.02941161 0.1003056 0.06985859 0.06985859 0.3007298 0.359553
0 0.01997172 0.009474132 0.09055415 0.08009798 0.0899303 0.2804279 0.4295438
0 0.01983434 0.03997812 0.07018754 0.06963232 0.1905333 0.2703896 0.3394448
0 0.02001111 0.02985371 0.04013517 0.07972626 0.1102626 0.40042 0.3195911
0 0.01999192 0.01965688 0.0903512 0.06005657 0.07995152 0.2602865 0.4697054
0 0.03014141 0.03006235 0.03979624 0.09031111 0.03954747 0.2496265 0.5205149
0 0.03010909 0 0.04989091 0.1402505 0.0696404 0.3397495 0.3703596
0 0.00980101 0.0501029 0.05009609 0.09970101 0.160498 0.3301961 0.2996049
0 0 0.03011341 0.02988659 0.04969899 0.160301 0.3001876 0.4298124
0 0.01989091 0.06015806 0.05995103 0.08990909 0.1102 0.2999328 0.3599581
0 0.03013131 0.009594245 0.06027444 0.08012121 0.05974747 0.3102845 0.4498468
0 0.01998384 0.01980105 0.05021511 0.1201455 0.09987071 0.3000535 0.3899303
0 0.01994646 0.01968308 0.07037045 0.07987879 0.1301747 0.3004381 0.3795083
0 0.05013737 0.07048817 0.01937446 0.04937576 0.1604869 0.3101361 0.3400013
0 0 0.04002147 0.05997853 0.120202 0.129798 0.2397765 0.4102235
0 0.01995657 0.02993683 0.0401066 0.09972828 0.1503152 0.3403349 0.3196217
0 0 0.01957372 0.08042628 0.05984242 0.1201576 0.3405839 0.3794161
0 0.00999798 0.03014416 0.01985786 0.08001818 0.07998384 0.3498377 0.4301603
0 0.04014949 0.009812339 0.04003817 0.06980202 0.1700485 0.2403856 0.4297639
0 0.0198202 0.02968073 0.09049906 0.08981818 0.1603616 0.2805011 0.3293191
0 0.05017778 0.02996675 0.03985547 0.08984545 0.1299768 0.2701878 0.38999
0 0 0.06045634 0.01954366 0.05978081 0.1302192 0.3097628 0.4202372
0 0.009915152 0.01990144 0.05018341 0.1102051 0.1098798 0.2598935 0.4400216
0 0.0300202 0.02958863 0.08039117 0.04963636 0.1203434 0.350775 0.3392452
0 0.03013939 0.009868217 0.01999239 0.07966263 0.160198 0.3304692 0.3696702
0 0.0301303 0.01985197 0.04001773 0.05983838 0.1000313 0.3203096 0.4298207
0 0.00979899 0.01942088 0.1007801 0.09998788 0.1202131 0.3205912 0.3292077
0 0.00989899 0.01987689 0.05022412 0.07982323 0.1602778 0.2902999 0.3895991
0 0.009949495 0.009788685 0.04026182 0.08984848 0.150202 0.3203628 0.3795867
0 0.04018586 0.0403212 0.009492945 0.1000162 0.09979798 0.2696626 0.4405232
0 0.02001313 0.009412416 0.08057445 0.1103384 0.03964848 0.3302492 0.4097639
0 0.02999192 0.06048016 0.04952792 0.06997374 0.1200343 0.1995461 0.4704458
0 0.009959596 0.05020912 0.03983129 0.08015758 0.04988283 0.3296333 0.4403263
0 0.04009697 0.060065 0.05983803 0.05976162 0.09014141 0.3201734 0.3699236
0 0.02998788 0.02995109 0.07006103 0.04975354 0.1602586 0.2302954 0.4296925
0 0.0199596 0.03021309 0.02982732 0.08990909 0.1901313 0.2098778 0.4300818
0 0.009919192 0 0.08008081 0.06973737 0.1203434 0.4102626 0.3096566
