0.1298694 0.1500386 0.1506422 0.05944969 0.1296578 0.1804341 0.1098305 0.09007758
0.1399444 0.1201566 0.1402586 0.09964034 0.1502576 0.08964136 0.1095393 0.1505617
0.08987962 0.1401254 0.160226 0.119769 0.06955472 0.1504402 0.1603397 0.1096654
0.1402774 0.08938723 0.1398363 0.1904991 0.1099216 0.1304138 0.09996472 0.09969992
0.09954567 0.1406473 0.1504726 0.07933446 0.1504634 0.07934365 0.1295183 0.1706746
0.1199489 0.09987336 0.1398481 0.1803297 0.1303542 0.08982361 0.1098489 0.1299733
0.1196125 0.1502774 0.1806677 0.07944236 0.1300219 0.1300882 0.1096979 0.100192
0.1301887 0.06979012 0.1099697 0.1200515 0.180379 0.0896422 0.1194626 0.1805162
0.1405113 0.1094584 0.07984604 0.1301843 0.1196705 0.1803598 0.09997214 0.1399976
0.09979089 0.1201525 0.12 0.1300566 0.1402576 0.119799 0.1299515 0.1399919
0.09951397 0.1804769 0.08950129 0.1605078 0.1304002 0.1196089 0.1305846 0.08940634
0.1204638 0.1400917 0.1099422 0.1295022 0.04951394 0.09993051 0.14008 0.2104756
0.1099016 0.1201489 0.06945881 0.1504907 0.1604519 0.1094976 0.1301877 0.1498628
0.05918936 0.1404611 0.1704066 0.1399429 0.1405541 0.1197954 0.11985 0.1098005
0.08953856 0.1503614 0.1404553 0.1096447 0.1403635 0.1297365 0.09964263 0.1402574
0.0799159 0.05977097 0.2006526 0.1096605 0.1199548 0.1203583 0.1594767 0.1502102
0.1094324 0.1904342 0.1200843 0.120049 0.1403393 0.139794 0.1001439 0.07972272
0.1301871 0.1499745 0.1196403 0.1501981 0.06955428 0.1302841 0.1506183 0.09954331
0.06945017 0.190565 0.1196057 0.1703792 0.08002356 0.1299613 0.1609206 0.07909458
0.04948075 0.110398 0.1201538 0.1199674 0.140397 0.1297242 0.1599684 0.1699103
0.1101496 0.09000395 0.1300778 0.1097686 0.1199676 0.09987888 0.159805 0.1803485
0.1503798 0.1094626 0.08932784 0.1808297 0.1097253 0.1504323 0.1305671 0.07927531
0.130102 0.1196919 0.09950003 0.170706 0.119902 0.150304 0.1304959 0.07929801
0.1504373 0.1394364 0.1302226 0.1299037 0.07938592 0.1807403 0.0899542 0.09991954
0.08951144 0.1002795 0.1602916 0.1399175 0.1708128 0.06939629 0.1093842 0.1604068
0.2509609 0.07899064 0.1302858 0.07976269 0.1392836 0.1507649 0.06946976 0.1004818
0.1292008 0.1608375 0.1702185 0.06974315 0.1704476 0.07951397 0.1501331 0.06990533
0.07991779 0.08972867 0.1602852 0.1700683 0.09999534 0.1403582 0.1198016 0.1398448
0.1501956 0.1599903 0.1303364 0.09947777 0.09976602 0.1300481 0.08970202 0.1404838
0.08959774 0.1506114 0.1195921 0.1501988 0.1102942 0.07949673 0.170516 0.1296931
0.08956774 0.1703313 0.1302942 0.1498068 0.1204323 0.1196687 0.07970581 0.1401932
0.1499759 0.1098787 0.159951 0.1401944 0.1300807 0.1000648 0.1199924 0.08986213
0.119877 0.1300371 0.1506428 0.06944307 0.1398604 0.1602255 0.1096198 0.1202943
0.170526 0.08928211 0.110408 0.07978391 0.1696518 0.1905401 0.06941421 0.1203939
0.1201051 0.1298444 0.119901 0.1401495 0.09974341 0.1503071 0.1302505 0.109699
0.1198752 0.1700662 0.09952782 0.1905308 0.1001318 0.1199268 0.1104651 0.08947631
0.1301186 0.1400451 0.1804743 0.08936204 0.06943296 0.1304034 0.1399742 0.1201895
0.1196903 0.1301683 0.1296904 0.170451 0.1404632 0.08967818 0.120156 0.09970255
0.1000399 0.09990151 0.1496637 0.1403949 0.07948737 0.1405712 0.2108091 0.07913234
0.1500316 0.1703795 0.170679 0.07890984 0.0899179 0.07967099 0.08937146 0.1710397
0.1298975 0.1299005 0.1403055 0.0998965 0.1398883 0.1603137 0.1099086 0.08988936
0.1702022 0.1097372 0.06907499 0.1709856 0.1601867 0.1098739 0.1305361 0.07940328
0.1305748 0.1396524 0.06964851 0.1101242 0.06911203 0.2106607 0.1506646 0.1195627
0.1198825 0.1802569 0.1099449 0.1199157 0.09988514 0.1399755 0.1202874 0.1098519
0.09974288 0.1001137 0.1199485 0.1001949 0.1700995 0.1400439 0.1702091 0.09964749
0.1301417 0.1702704 0.1402968 0.09929106 0.06964816 0.1099397 0.1199133 0.1604988
0.06942438 0.1703938 0.1601289 0.2000529 0.09036754 0.09981428 0.1000792 0.109739
0.1702282 0.119596 0.1201718 0.120004 0.1500162 0.1401595 0.06958378 0.1102405
0.1199847 0.1604699 0.08941229 0.1001332 0.08956077 0.1299847 0.2110423 0.09941229
0.1101018 0.1301002 0.1099875 0.08981045 0.09954466 0.1602533 0.170366 0.129836
