0 0.02031579 0.01970504 0.02997917 0.06926316 0.1104211 0.3310318 0.419284
0 0.04114737 0 0.02885263 0.05905263 0.1598 0.2409474 0.4702
0 0.03025263 0.02978699 0.02996038 0.08766316 0.1620842 0.3625499 0.2977028
0.02071089 0.03102596 0 0.04826316 0.04948385 0.06877931 0.3198053 0.4619316
0 0.00931579 0.04040069 0.05028352 0.1313947 0.08928947 0.2782046 0.4011112
0 0 0.01912516 0.05087485 0.0698 0.1102 0.3210748 0.4289252
0 0.01954737 0.03898239 0.07147024 0.08941053 0.1110421 0.3316071 0.3379403
0 0.01994737 0.04077889 0.03927374 0.1006211 0.08943158 0.2786001 0.4313473
0 0.0092 0.04029398 0.07050602 0.06970526 0.1310947 0.2500008 0.4291992
0 0.02981053 0.04017777 0.0700117 0.05886316 0.1513263 0.2409591 0.4088515
0 0.009642105 0.03033778 0.03002011 0.068 0.1623579 0.3516622 0.3479799
0 0.03020526 0.01976278 0.04003195 0.08939474 0.1704 0.2408425 0.4093628
0 0.03063158 0.01898155 0.05038687 0.0386 0.1107684 0.3124184 0.4382131
0 0.02048421 0.009409219 0.03010657 0.04941053 0.1101053 0.2811803 0.499304
0 0.01984211 0.04116693 0.03899097 0.1006632 0.1094947 0.2381699 0.4516722
0 0.009273684 0.07240576 0.05832055 0.09115789 0.06956842 0.2364363 0.4628373
0 0.0404 0.0185742 0.0610258 0.07881053 0.1507895 0.2826153 0.3677847
0 0.01005263 0.03994737 0 0.05955789 0.1103895 0.2804947 0.4995579
0 0.009626316 0.01858141 0.06179227 0.03800526 0.1423684 0.3534133 0.376213
0 0.009863158 0.03087483 0.02926202 0.08061053 0.08952632 0.2685146 0.4913485
0 0.03031579 0.05173806 0.01794615 0.06812632 0.1415579 0.3201356 0.3701802
0 0.05072105 0.008249324 0.05102962 0.1091895 0.1700895 0.2625612 0.3481599
0 0.03025263 0.05033855 0.05940882 0.08023158 0.06951579 0.2894299 0.4208228
0 0.03030526 0.01958455 0.06011018 0.04938947 0.1403053 0.211026 0.4892793
0 0.01966316 0.02976977 0.07056707 0.06986316 0.1304737 0.2303671 0.4492961
0 0.03036842 0.02946781 0.04016377 0.04730526 0.1523263 0.3632269 0.3371415
0 0.03050526 0.007390183 0.08210455 0.05993684 0.07955789 0.292673 0.4478323
0 0.01983158 0.0415477 0.01862072 0.05705263 0.2131158 0.3013997 0.3484319
0 0.009431579 0.03010704 0.04046139 0.1201579 0.1304105 0.2997351 0.3696965
0 0 0.02980793 0.04019207 0.1013053 0.05869474 0.3388868 0.4311132
0 0.04031053 0.01858482 0.05110466 0.06699474 0.2026947 0.3244204 0.2958901
0 0.009826316 0.0198571 0.04031659 0.05955789 0.1206158 0.280585 0.4692413
0 0.03 0.03047119 0.05952881 0.08039474 0.1396053 0.1791341 0.4808659
0 0.02024211 0.0301174 0.0596405 0.01884211 0.1009158 0.2510405 0.5192016
0 0.01943158 0.03922349 0.08134493 0.06905263 0.1315158 0.2917239 0.3677077
0 0 0.00822436 0.06177564 0.1210105 0.1189895 0.2907651 0.3992349
0 0.009578947 0.01801684 0.07240421 0.06951579 0.1009053 0.3524674 0.3771116
0 0.02955789 0.05092002 0.07952208 0.08004211 0.1304 0.1990379 0.43052
0 0.02958947 0.05123494 0.05917558 0.1105316 0.1298789 0.2082335 0.411356
0 0.01 0 0.04 0.05947368 0.1305263 0.2905263 0.4694737
0 0.0095 0.02750616 0.09299384 0.04907895 0.09142105 0.3734149 0.3560851
0 0.00931579 0.01843094 0.07225327 0.08977368 0.1309105 0.3017954 0.3775204
0 0.009705263 0.02009783 0.03019691 0.07887368 0.1714211 0.2910285 0.3986768
0 0.01921053 0.04014321 0.08064626 0.07973684 0.1510526 0.2201199 0.4090906
0 0 0.02875598 0.07124402 0.05841053 0.1615895 0.3228335 0.3571665
0 0.04016842 0.02766688 0.0921647 0.08965263 0.1001789 0.3026805 0.3474879
0 0.02001053 0.04075816 0.02923131 0.1207579 0.07923158 0.3184839 0.3915266
0 0.01934737 0.02927401 0.07137863 0.1415421 0.1091105 0.2391839 0.3901635
0 0.009263158 0.04027878 0.07045806 0.028 0.1627368 0.2717212 0.4175419
0.009605263 0 0.01961641 0.04077832 0.07973684 0.1606579 0.3010415 0.3885638
