0.01061649 0.09541684 0.102628 0.1013387 0.2087613 0.1552054 0.1579943 0.1680391
0.06135802 0.04664198 0.09864198 0.113358 0.1053086 0.1866914 0.2346914 0.1533086
0.0397822 0.01496225 0.08942027 0.1458353 0.1524178 0.1628378 0.1783797 0.2163647
0.08418964 0.05359925 0.1005252 0.1716859 0.08779925 0.1644119 0.1174859 0.220303
0.04926333 0.07884778 0.1039033 0.1179856 0.1103144 0.1815744 0.1265189 0.2315922
0.08485685 0.03297648 0.04727772 0.144889 0.1511987 0.180968 0.1066667 0.2511666
0.004007407 0.07408148 0.1001284 0.09178272 0.1093259 0.1725852 0.2865383 0.1615506
0.03705283 0.04882495 0.1125015 0.1116207 0.1628472 0.161275 0.1775985 0.1882793
0.009716358 0.09500586 0.112191 0.1330867 0.2112281 0.1340497 0.1368645 0.1678577
0.04085852 0.05865259 0.05878963 0.1316993 0.08958593 0.170903 0.1607659 0.2887452
0.08090344 0.114441 0.01081631 0.1238392 0.1439521 0.09070344 0.1743281 0.2610163
0.0396478 0.006618864 0.0693201 0.1044132 0.2272855 0.1064478 0.1837466 0.2625201
0.038658 0.07096422 0.1291062 0.03127158 0.1060753 0.2043024 0.1961605 0.2234618
0.006251086 0.03038225 0.04732175 0.1060449 0.1748378 0.1585289 0.2315894 0.245044
0.02829689 0.061392 0.09196114 0.10835 0.1015698 0.1287413 0.1881722 0.2915167
0.02577469 0.06172531 0.04601543 0.1164846 0.1956698 0.1668302 0.1925401 0.1949599
0.0516463 0.02557593 0.1072981 0.1654796 0.08824259 0.1345352 0.222813 0.2044093
0.01639259 0.03971852 0.06891605 0.1249728 0.1650296 0.1588593 0.1896617 0.2364494
0.06151356 0.05641978 0.07804077 0.1340259 0.1073087 0.194758 0.183137 0.1847963
0.06107936 0.04872064 0.07136015 0.07883985 0.1724984 0.1477016 0.1550621 0.2647379
0.05114235 0.06487988 0.1250737 0.1689041 0.06741321 0.1965646 0.1063707 0.2196515
0.08059632 0.0342259 0.07945059 0.1457272 0.216037 0.1591408 0.09391607 0.1909061
0.06363674 0.02462993 0.07096079 0.08077254 0.1360966 0.2156367 0.1893059 0.2189608
0.05417679 0.08504543 0.1097244 0.1010533 0.2085788 0.07219901 0.18752 0.1817022
0.04130709 0.01399291 0.1039003 0.1507997 0.1114262 0.1632738 0.1233663 0.2919337
0.05222242 0.0603998 0.05571338 0.1016644 0.06546647 0.1419113 0.2665977 0.2560245
0.02710852 0.04855815 0.06268778 0.2116456 0.1240693 0.1402641 0.1961344 0.1895322
0.0726479 0.04868543 0.06866568 0.05000099 0.1326854 0.1959812 0.286001 0.1453323
0.04535314 0.1065135 0.08779748 0.1203359 0.1464358 0.07169758 0.1904136 0.231453
0.004876346 0.06325699 0.06625699 0.1756097 0.1166348 0.0952319 0.1922319 0.2859014
0.004731975 0.0512458 0.103626 0.1003962 0.1434347 0.1705875 0.1982073 0.2277705
0.02603278 0.08413389 0.05381043 0.1460229 0.1239117 0.1159217 0.2262451 0.2239215
0 0.02577778 0.08515877 0.05906346 0.1031111 0.2711111 0.2417301 0.2140477
0.02746272 0.06231506 0.06300642 0.0472158 0.1833817 0.1868405 0.1661491 0.2636286
0.03986633 0.03732256 0.09466083 0.09815028 0.142367 0.1704441 0.1331058 0.284083
0.06319002 0.003387753 0.1021581 0.1112641 0.1505433 0.1428789 0.1741085 0.2524692
0.02596664 0.03921114 0.06772348 0.1370987 0.2076556 0.1471666 0.1686543 0.2065235
0.002424889 0.07153067 0.1164492 0.1295953 0.168264 0.1777804 0.1028619 0.2310936
0.003828197 0.08143847 0.1008706 0.2038628 0.1055496 0.1491838 0.1297517 0.225515
0.0612169 0.06979421 0.05711767 0.1218712 0.1210164 0.1379725 0.170649 0.2603621
0.04594044 0.1050818 0.07927437 0.08970341 0.153304 0.1356738 0.1914812 0.199541
0.002236815 0.08455207 0.1077163 0.09549484 0.1804521 0.142759 0.08959484 0.297194
0.06045037 0.05608296 0.06626568 0.177201 0.1319941 0.1714726 0.1412899 0.1952435
0.04880242 0.04893091 0.03012598 0.1521407 0.1722309 0.1600358 0.2388407 0.1488926
0.03830074 0.05958815 0.1241388 0.1179723 0.1112548 0.1408563 0.1663057 0.2415832
0.04995556 0.1016 0.09098272 0.09746173 0.0656 0.1828444 0.1934617 0.2180938
0.01624773 0.04960783 0.09098437 0.1331601 0.1331523 0.1709922 0.1796156 0.2262399
0.02701605 0.0724284 0.09415679 0.05639877 0.1292951 0.1912605 0.2095321 0.2199123
0.0491677 0.05745452 0.1095187 0.1438591 0.1086767 0.174701 0.1926368 0.1639854
0.11814 0.04313778 0.07002296 0.09869926 0.1265267 0.1621956 0.1253104 0.2559674
