0.05999445 0.07008156 0.04963035 0.08039566 0.03975236 0.1108823 0.01892704 0.06033631 0.08064602 0.03922746 0.0702449 0.0597796 0.01930414 0.08011173 0.1215007 0.03918541
0.07027863 0.08031157 0.03919719 0.07032271 0.02973547 0.0703606 0.04969899 0.06009483 0.06007205 0.04950138 0.1109719 0.04934455 0.02960274 0.07013755 0.09044302 0.0699268
0.1006973 0.06996861 0.08049851 0.02901541 0.05012609 0.03963035 0.02959643 0.06046733 0.05962597 0.04954248 0.06968584 0.1109659 0.04955066 0.1008586 0.06021922 0.03955136
0.07979238 0.09004277 0.07978332 0.1004048 0.1006389 0.059662 0.06005784 0.03961804 0.04983563 0.06010599 0.06016838 0.04986676 0.03973007 0.05019227 0.03999349 0.0401074
0.01929549 0.07052936 0.06981608 0.1104752 0.05006559 0.03994713 0.08079529 0.02907583 0.05010288 0.04976924 0.08000385 0.1000079 0.08065726 0.03963306 0.03926357 0.09056228
0.1011604 0.04922897 0.02953376 0.06014558 0.05001236 0.04985007 0.02952614 0.07054274 0.02873267 0.1210174 0.070293 0.06988826 0.07011076 0.06988741 0.08063093 0.04943958
0.02958414 0.08057894 0.0497405 0.0799752 0.04954937 0.1210835 0.09031788 0.0591705 0.0402113 0.02948925 0.04989554 0.09052512 0.06056226 0.01894126 0.07013901 0.08023626
0.04899009 0.1108826 0.07026381 0.04011606 0.06982461 0.03949057 0.09061539 0.0298169 0.09031776 0.08007423 0.0295309 0.01982458 0.1104675 0.06995263 0.06998989 0.02984246
0.08080116 0.08013264 0.0195653 0.02944434 0.03988929 0.04960737 0.09099314 0.04956677 0.029209 0.08001074 0.06000424 0.1108326 0.05996318 0.1003866 0.04957468 0.07001894
0.07998693 0.08025814 0.08980697 0.06984089 0.0803176 0.09036725 0.02922732 0.0601949 0.06020134 0.01915662 0.11089 0.0598591 0.01934463 0.06036749 0.05022519 0.03995562
0.03931779 0.08000741 0.08082407 0.0496992 0.1312622 0.05935775 0.03984787 0.04968368 0.07001173 0.1107136 0.0193388 0.05008741 0.04953654 0.04979298 0.03986097 0.08065799
0.08019169 0.06965432 0.07039835 0.05011321 0.04961982 0.1208184 0.04994931 0.01925487 0.08042789 0.06996853 0.02977799 0.009468024 0.03937676 0.08994257 0.08025819 0.09078006
0.05001845 0.02962359 0.0802464 0.05004894 0.04968553 0.08054655 0.05951088 0.06031967 0.07012783 0.06012003 0.07994843 0.04986634 0.05983283 0.07004519 0.1106296 0.0394297
0.08046948 0.06965627 0.03978357 0.09020381 0.08076305 0.05983403 0.01969406 0.03959573 0.0495409 0.09026467 0.05001114 0.09007017 0.03955688 0.05991473 0.05018093 0.09046059
0.0694064 0.1008149 0.09034212 0.0191598 0.09055196 0.04960236 0.07024745 0.03987501 0.1005448 0.03914297 0.09010057 0.07048842 0.02925946 0.07067714 0.02954724 0.0402394
0.09006046 0.06999597 0.02986036 0.06019936 0.04911853 0.1108656 0.02945769 0.09044197 0.1110116 0.03933605 0.01984932 0.02968691 0.0802943 0.04931749 0.06034778 0.0801566
0.1005755 0.06972248 0.01935103 0.09017929 0.04949807 0.100671 0.0502387 0.06976399 0.07010326 0.04958261 0.05023823 0.09024762 0.06036055 0.03948658 0.01963467 0.07034648
0.05985449 0.08030487 0.09051591 0.04969038 0.05012961 0.04991407 0.03980608 0.03978458 0.07017739 0.05971375 0.0699598 0.0497834 0.04963649 0.08026933 0.06992022 0.09053962
0.07022414 0.06002094 0.04984103 0.07011287 0.04951466 0.06005549 0.06012324 0.05010762 0.03947818 0.04987573 0.04964651 0.1008006 0.120881 0.07994986 0.07029123 0.0190769
0.09071414 0.08030131 0.02972146 0.01901056 0.09047834 0.04972445 0.03969826 0.1003515 0.0291137 0.06002236 0.08054409 0.1005724 0.07019887 0.02944683 0.02953114 0.1005706
0.02939956 0.1109111 0.06005881 0.06999418 0.05036333 0.01911283 0.06023951 0.04992069 0.05006091 0.06968096 0.04969292 0.08020157 0.05991761 0.1005537 0.08026734 0.05962498
0.03923267 0.1111437 0.02928309 0.05011835 0.09009827 0.0700208 0.08995342 0.08014973 0.06021041 0.04972133 0.07049213 0.03979836 0.07035461 0.01921824 0.08037541 0.04982953
0.07032251 0.04973175 0.05003816 0.06987728 0.07030442 0.05967381 0.05971448 0.1103376 0.06023775 0.04994032 0.02964523 0.070207 0.02941411 0.07037534 0.07032334 0.07985691
0.03993097 0.06958704 0.070261 0.09011088 0.1114224 0.06935198 0.03985493 0.0394808 0.01929158 0.1108308 0.04986672 0.08012099 0.01917325 0.08041199 0.05019917 0.0601055
0.0902475 0.07004517 0.05971464 0.05993612 0.0801101 0.06997894 0.05989103 0.0700765 0.05997573 0.03967907 0.08056567 0.0498361 0.04976364 0.06019985 0.0397317 0.06024825
0.03926901 0.0803459 0.05969466 0.09047325 0.1007458 0.03933475 0.09058134 0.0495553 0.07021932 0.07011526 0.05999875 0.05988384 0.04981639 0.05015358 0.03967474 0.05013811
0.04933129 0.04994048 0.120509 0.08030809 0.07004889 0.04997275 0.07020874 0.02968073 0.0904832 0.04989754 0.06966836 0.04986201 0.07004469 0.06028114 0.0497058 0.04005726
0.09028336 0.05972314 0.0802353 0.1102562 0.01944742 0.01964052 0.09111139 0.03930269 0.07009475 0.06007855 0.01911045 0.08021827 0.08057043 0.06016184 0.02914689 0.09061882
0.05986549 0.07983014 0.06034211 0.0702168 0.05954623 0.1006363 0.01949928 0.06006363 0.04970769 0.1006169 0.02985731 0.02956358 0.1110422 0.03875505 0.05013969 0.08031761
0.08037639 0.0398679 0.02974283 0.03994419 0.09007337 0.09060821 0.06984414 0.03954297 0.08021658 0.03976842 0.02946928 0.0706144 0.059467 0.04962214 0.1208104 0.07003177
0.04942373 0.1008208 0.0395593 0.08054968 0.04953219 0.07022326 0.04980123 0.0600898 0.07043081 0.03938726 0.05017399 0.03965441 0.1006678 0.05951411 0.08041094 0.05976066
0.06980587 0.05987962 0.08053575 0.07998584 0.08019368 0.02929852 0.05992386 0.09037687 0.07022321 0.06019333 0.00913062 0.06024578 0.08023179 0.06017399 0.04995523 0.05984606
0.05988065 0.08995085 0.08052515 0.03937062 0.02961921 0.05983865 0.1004954 0.0903195 0.0701759 0.1105987 0.02924775 0.06025041 0.0299202 0.05001587 0.06013578 0.03965542
0.07017681 0.04960525 0.04975429 0.1213727 0.01905113 0.08100438 0 0.009035405 0.04956779 0.0701956 0.05009503 0.03923248 0.1614709 0.0689281 0.07988401 0.08062604
0.03966522 0.07013835 0.01938373 0.06025715 0.07006852 0.0900264 0.07042338 0.08003726 0.08039864 0.07980284 0.08074124 0.05961283 0.04990298 0.06999706 0.01941629 0.06012811
0.08022228 0.06955493 0.05977855 0.08033414 0.04954748 0.06992812 0.121272 0.05936246 0.04976112 0.09071217 0.05014059 0.02949621 0.06037215 0.04990174 0.00890578 0.07071022
0.08030704 0.08013421 0.02958325 0.03982398 0.02919505 0.1210743 0.09060856 0.02927357 0.08033568 0.05953114 0.04987148 0.07041321 0.03981879 0.05960374 0.08028014 0.06014581
0.0905902 0.06999877 0.04966818 0.03984387 0.0293268 0.07039286 0.1008923 0.02928699 0.04952767 0.0701359 0.08031548 0.04991995 0.07024928 0.05977853 0.05943006 0.08064314
0.06962412 0.06017206 0.08000777 0.05978089 0.1008848 0.03972712 0.04976797 0.05003526 0.1104943 0.04961964 0.08992053 0.0903807 0.01920589 0.04027209 0.05009463 0.04001224
0.03995228 0.07006292 0.07010683 0.0495901 0.03988111 0.03957173 0.08048221 0.08035283 0.02934436 0.1005091 0.1003326 0.09010181 0.07050306 0.07017541 0.02939758 0.03963607
0.05007875 0.04987217 0.1209028 0.03952402 0.03986758 0.05993784 0.08973549 0.08008131 0.04004461 0.05022669 0.04973318 0.01961774 0.02948381 0.08048855 0.1101538 0.09025167
0.04949081 0.08025446 0.06015251 0.06030424 0.07994714 0.04969847 0.04979734 0.07035503 0.05981628 0.09057178 0.03994753 0.01946239 0.1208306 0.04939043 0.06001777 0.05996319
0.05945943 0.1105973 0.03994593 0.009431721 0.02943975 0.07038174 0.02929379 0.1114504 0.1408112 0.1299402 0.08043313 0.02938113 0.04010777 0.01926267 0.06050896 0.03955495
0.08971984 0.09004358 0.0803428 0.09027054 0.03947285 0.03980131 0.02969925 0.07064983 0.09029149 0.06992286 0.02954434 0.04986454 0.1008188 0.05992922 0.04011058 0.02951813
0.08028476 0.0197482 0.03944671 0.08070113 0.1000803 0.06029894 0.03951483 0.04992515 0.07004904 0.009521028 0.07026009 0.05998903 0.1202324 0.04978537 0.0801319 0.07003115
0.05011896 0.01947533 0.06001602 0.02967959 0.08024357 0.0397256 0.08984796 0.100893 0.06966963 0.09083204 0.1001101 0.07009831 0.05995775 0.03997712 0.070036 0.02931903
0.06024275 0.05966324 0.09036211 0.05975311 0.07030242 0.08992153 0.0697692 0.06998563 0.02972522 0.06021122 0.06005773 0.04998462 0.019269 0.09066461 0.07027156 0.04981603
0.04942744 0.1112656 0.1102789 0.05952506 0.04002763 0.009319951 0.1006946 0.03946086 0.05022248 0.01922591 0.06972603 0.07032861 0.06012043 0.06039057 0.06950252 0.08048345
0.06010352 0.04997491 0.02027577 0.01949934 0.05938902 0.07988282 0.1105926 0.07028198 0.08025619 0.07017043 0.04971984 0 0.08984723 0.1103759 0.07981579 0.04981464
0.01939223 0.09060294 0.05017335 0.03989613 0.02962615 0.08011067 0.02940021 0.1007983 0.07057546 0.07970009 0.0705493 0.01911051 0.06008293 0.09990954 0.07020037 0.0898718
