0 0.01716237 0 0.02879319 0.02891119 0.04083014 0.05092433 0.07337878 0.05669274 0.1089449 0.07899121 0.0694156 0.104485 0.07297371 0.1199956 0.1485013
0 0.05387531 0.007822442 0.00830225 0.007002689 0.01583805 0.02853641 0.07862285 0.02297284 0.09376296 0.1092047 0.05405948 0.1158022 0.1607459 0.1086587 0.1347932
0.01878764 0.005277496 0.0193026 0.01892115 0.08342235 0.07166807 0.07465833 0.04796237 0.09038414 0.1053952 0.06939105 0.08254075 0.08791698 0.07714815 0.06613691 0.08108684
0.005974269 0.02939865 0.04554076 0.03920855 0 0.1007333 0.05630169 0.01284283 0.08815082 0.06298738 0.02131934 0.1174202 0.08307491 0.1696807 0.07963821 0.08772838
0.03314205 0.005298294 0.01614434 0.03148198 0.06557633 0.02396604 0.1081854 0.04620554 0.0461615 0.08655371 0.09187803 0.06934009 0.052609 0.1066931 0.1163033 0.1004613
0.02049255 0.0163197 0.04235927 0.03922848 0.005375653 0.05302692 0.03998817 0.06320927 0.06030528 0.1021714 0.0899392 0.1091842 0.0609043 0.1114042 0.09063559 0.09545587
0 0.04728257 0.00437786 0.06673957 0.06642656 0.01263161 0.04446171 0.03808011 0.07300405 0.09642449 0.08407982 0.1080916 0.1246138 0.09961688 0.03303616 0.1011331
0.03144206 0.02006885 0.02948746 0.01731274 0.02749575 0.03315136 0.03904689 0.04199489 0.06465562 0.07254458 0.1188791 0.1256096 0.1386955 0.03194632 0.1202977 0.08737163
0 0 0.03493778 0.08550667 0.03200216 0.002175367 0.04631454 0.08906348 0.05875358 0.08035753 0.07114815 0.0692963 0.0672887 0.1294227 0.1695551 0.064178
0.007569881 0.00730481 0.03321745 0.0190523 0.06056997 0.07572818 0.06529688 0.02126053 0.07131716 0.08436371 0.04749674 0.05967795 0.1222097 0.07093663 0.08232225 0.1716759
0.007019868 0.00654649 0.006629137 0.04508228 0.02939985 0.01589182 0.02672824 0.1127023 0.1156461 0.1250653 0.08457525 0.05943556 0.09214527 0.07828528 0.06785627 0.126991
0.01183921 0 0.05757209 0.01601092 0.03781596 0.06246335 0.04979462 0.08450385 0.101513 0.09811447 0.05644114 0.06850918 0.07985407 0.08839996 0.06516992 0.1219983
0.006291147 0.00676663 0.06867908 0.002796475 0.05382419 0.02936495 0.06206045 0.06021708 0.1035834 0.1064699 0.09623154 0.0891818 0.05763458 0.03606518 0.0716956 0.149138
0.01967131 0.01747007 0.05701399 0.01566685 0.03842485 0.06309673 0.06392318 0.03473302 0.04853269 0.08441482 0.04496966 0.07226061 0.10216 0.09622949 0.09530428 0.1461284
0 0.02450133 0.04613487 0.02690824 0.05093949 0.0725888 0.03684863 0.07207863 0.1047947 0.05097067 0.009281577 0.1074086 0.06577695 0.1104281 0.1162238 0.1051156
0.01938858 0.03828104 0.02980389 0.06211538 0.004529517 0.06632309 0.03092493 0.03863358 0.04700248 0.1343168 0.06892604 0.1301658 0.0880572 0.07210131 0.07136737 0.09806302
0.02975819 0.04466564 0.003847869 0.03989497 0.06360062 0.01267926 0.07223571 0.08331775 0.0493685 0.02467434 0.06973038 0.1280601 0.1010727 0.09418077 0.100386 0.08252717
0 0.004428247 0.03259823 0.0279513 0.05160841 0.07143001 0.07662258 0.05536123 0.0484561 0.06284899 0.05716295 0.1265542 0.07989104 0.1213372 0.06366068 0.1200888
0.004970247 0 0.01949382 0.02995816 0.05100919 0.0615576 0.06442994 0.05858104 0.05311914 0.06735506 0.08072791 0.1243757 0.1022348 0.109754 0.064015 0.1084185
0.00810767 0.01878085 0.03002872 0.0405272 0.04615429 0.02296954 0.03682454 0.09660719 0.06479802 0.06832457 0.09412608 0.08530688 0.008484462 0.1523806 0.1014762 0.1251032
0.005568169 0.01878807 0.05562397 0.02934202 0.08895858 0 0.02817359 0.04354561 0.06829578 0.08107021 0.07732196 0.09398983 0.1165108 0.1708084 0.07954715 0.04245587
0.008289506 0 0 0.00587716 0.06401667 0.05121234 0.03660421 0.08400011 0.05211556 0.04828383 0.0447863 0.1306477 0.1101338 0.08594828 0.1340539 0.1440306
0.01937906 0.03192133 0.02986763 0.0267542 0.06832918 0.02534326 0.05918983 0.0692155 0.05113432 0.04863195 0.06741405 0.1148975 0.03164632 0.08361457 0.1330396 0.1396217
0.004023193 0.04069039 0.05571261 0.01457381 0.01585906 0.03863724 0.01250939 0.1179943 0.1038637 0.130756 0.1006227 0.09975755 0.08416514 0.1020052 0.06324419 0.01558544
0.01728838 0.03005384 0.01692243 0.0432909 0.01650602 0.02723817 0.07630923 0.07239102 0.1069722 0.08986339 0.08294542 0.05266347 0.06905566 0.1030224 0.0740007 0.1214768
0 0.002857284 0.04159361 0.07421577 0.09871657 0.03185824 0.08437028 0.06638823 0.02431798 0.04631363 0.0219378 0.1187639 0.09994323 0.1159931 0.08912053 0.08360984
0.03179274 0.01785467 0.01616615 0.04100866 0.04011925 0.03976421 0.03136439 0.1119299 0.05927689 0.07240904 0.08004323 0.1014486 0.06970001 0.0690832 0.1515373 0.06650167
0.0004400741 0 0.08680721 0.06379716 0.06009557 0.0273372 0.01632199 0.1152008 0.06713778 0.03733326 0.06641247 0.05807205 0.1352488 0.08240732 0.1375361 0.04585222
0.003900735 0.04375924 0.0270142 0.04303694 0.06467163 0.009833827 0.06839121 0.1193922 0.07534567 0.05931657 0.09812581 0.01950083 0.06600418 0.1071681 0.08654655 0.1079922
0.01980702 0.01850511 0.01479264 0.04443968 0.08957574 0.07416892 0.03273914 0.03597175 0.04883809 0.07336089 0.1068672 0.04338938 0.02909026 0.06665397 0.1682899 0.1335103
0.01831009 0.01739954 0.04053932 0.0513955 0.06510818 0.02589824 0.01890496 0.1224442 0.06009683 0.08552688 0.06931797 0.07741388 0.06892935 0.0587309 0.1287933 0.09119089
0.01990425 0.006272784 0.01924291 0.03249116 0.0655539 0.02287401 0.02819853 0.06546246 0.0810739 0.08063796 0.08479869 0.05557835 0.1047457 0.1689375 0.06648209 0.09774581
0 0.02860447 0.04390633 0.02720032 0.05612917 0.0276355 0.02646322 0.060061 0.01117348 0.08904427 0.08032266 0.09974847 0.09320846 0.06420465 0.1087967 0.1835013
0.01973313 0.05573398 0.001910667 0 0.02903763 0.02249279 0.05505029 0.09604152 0.04973377 0.06494356 0.09404095 0.08390394 0.102751 0.1655741 0.01774254 0.1413101
0.02078602 0.0002791616 0.07634963 0.04164074 0.005176138 0.03536855 0.07445392 0.07594584 0.04715669 0.1411115 0.1157941 0.006882221 0.05790337 0.1722186 0.06238016 0.06655342
0.01609766 0.04277138 0.0162628 0.0501126 0.02880916 0.01519094 0.1007634 0.08999202 0.09716773 0.06760768 0.06897058 0.1210096 0.06151435 0.06084111 0.04041429 0.1224747
0.005226565 0.03330929 0.03005785 0.02665075 0.1035188 0.008836744 0.04744209 0.08495796 0.07379427 0.03426987 0.07820033 0.1384911 0.05008262 0.1209619 0.09167751 0.07252244
0.007499139 0.01776427 0.03083278 0.05341493 0.01857489 0.04043824 0.02982186 0.06165389 0.07355726 0.1018904 0.08345897 0.07158221 0.07067982 0.1095959 0.06557528 0.1636601
0.01606358 0 0.04481793 0.01634072 0.05594464 0.01388684 0.01429507 0.08865122 0.07575457 0.06589296 0.1029812 0.09814904 0.07518166 0.1272758 0.06496135 0.1398035
0.005976014 0.03112507 0.01622081 0.04470033 0.05275347 0.01249853 0.05832118 0.0884046 0.05926038 0.09532742 0.08296008 0.04442989 0.1003879 0.1026712 0.1341202 0.07084295
0 0.01340909 0.02796145 0.0687628 0.04910589 0.03800848 0.04814414 0.07460815 0.01988027 0.1045106 0.0735731 0.03190266 0.1609805 0.08410512 0.1103546 0.09469306
0.0141518 0 0.03326535 0.04084952 0.02081168 0.003683426 0.04067177 0.08656645 0.1260477 0.08420049 0.03216478 0.1093204 0.0318777 0.1292272 0.1010092 0.1461526
0.03002578 0.0156798 0.06444318 0.04265124 0.06913133 0.003427285 0.001752794 0.03288859 0.06364968 0.1311781 0.08747149 0.04490076 0.0844821 0.09242595 0.1590437 0.0768483
0.005682364 0.02045739 0.01419421 0.06707715 0.05317284 0.03974914 0.03509202 0.0745749 0.08564208 0.04688483 0.1043171 0.08574483 0.06705828 0.08135308 0.1248411 0.09415868
0.02059856 0.01864181 0.01860024 0.0427705 0.02712778 0.05264666 0.05211209 0.03750235 0.03679724 0.07274017 0.04673235 0.09311913 0.1252986 0.1061491 0.1327331 0.1164302
0.004543803 0 0.00874478 0.01902253 0.03917603 0.06318387 0.04777519 0.0975538 0.05173753 0.124652 0.05613068 0.1251687 0.09463153 0.06207524 0.1272605 0.07834388
0.02953949 0.01844258 0.04068547 0.02879912 0.01275373 0.05471358 0.0557947 0.09927133 0.09524157 0.05986524 0.07861495 0.06881157 0.08276521 0.05667859 0.1346049 0.08341798
0 0.004798222 0.02022904 0.02039496 0.0231919 0 0.1249704 0.04641545 0.07789546 0.112373 0.06451007 0.07979926 0.09875709 0.06298435 0.120446 0.1432348
0 0.005912346 0.007763213 0.02123555 0.07987942 0.04420823 0.06592869 0.03507254 0.0233 0.1080099 0.0969195 0.06685951 0.07348725 0.1652029 0.07272192 0.1334991
0.03116787 0.01912707 0.01570626 0.06477658 0.06514834 0.002445607 0.03574707 0.0658812 0.03423554 0.05143619 0.04171996 0.1518305 0.1334927 0.09294669 0.1627823 0.03155614
