0.04163098 0.151429 0.09809554 0.03260004 0.03510451 0.1058935 0.01282713 0.05241926 0.07674166 0.0392428 0.04878614 0.05147384 0.06212285 0.07783466 0.06469119 0.04910686
0.07252836 0.02624845 0.06310392 0.08280815 0.06068103 0.03458413 0.03710671 0.08293924 0.0866585 0.0133758 0.0255907 0.05968612 0.076221 0.1197027 0.05810978 0.1006554
0.1092957 0.03692249 0.03255829 0.09302354 0.05757056 0.04911991 0.1077129 0.05379661 0.03636526 0.01666101 0.04840299 0.09677073 0.07134628 0.06271881 0.05674802 0.0709869
0.08716745 0.01091156 0.07139154 0.07266278 0.04549976 0.08642122 0.04995606 0.03598962 0.05773131 0.05085634 0.07084056 0.05843845 0.08071258 0.08069976 0.05670073 0.08402026
0.03757782 0.07359996 0.04052026 0.06754641 0.01391491 0.06021595 0.02698345 0.09964125 0.08657774 0.03891115 0.04645011 0.1488166 0.07415175 0.1150507 0.05382396 0.01621801
0.08246875 0.05729826 0.04288652 0.08719091 0.07710803 0.06918422 0.07909815 0.09476516 0.03563959 0.06468229 0.07811377 0.01171991 0.08527251 0.04834635 0.04941267 0.03681291
0.0016356 0.08756647 0.03132349 0.08957443 0.09674727 0.05292473 0.116539 0.03368896 0.01631956 0.06150059 0.08685838 0.03522147 0.06920868 0.0940971 0.09136797 0.03542625
0.06404312 0.02431747 0.05856401 0.04698651 0.09514536 0.09371874 0.05596493 0.08125986 0.04689145 0.06192574 0.1063656 0.08090609 0.02392008 0.05003805 0.04910544 0.06084755
0.04391158 0.07236805 0.071259 0.05212804 0.03449223 0.08746889 0.06011429 0.02825793 0.1172532 0.07791158 0.06827989 0.03688862 0.05962074 0.05697371 0.09506904 0.03800318
0.02975229 0.02115142 0.07484017 0.1042561 0.02738471 0.09645726 0.0516659 0.05449212 0.05116623 0.106819 0.04775983 0.06425498 0.04027455 0.06699459 0.04715632 0.1155745
0.1087792 0.06907807 0.04119955 0.01516538 0.07454756 0.06613343 0.08584514 0.01925165 0.07209388 0.04693773 0.01590267 0.03084351 0.002434909 0.1299952 0.08919708 0.132595
0.1076619 0.05804124 0.01987667 0.09833133 0.04964958 0.03467076 0.098388 0.04338054 0.05986405 0.03718839 0.06494308 0.03409337 0.04449116 0.09843294 0.05512558 0.09586143
0.08514633 0.06750538 0.06090344 0.05956707 0.08410312 0.09868715 0.04371323 0.09037428 0.04053031 0.03868465 0.0427088 0.01495401 0.00924246 0.0961006 0.07365231 0.09412685
0.09518107 0.04401646 0.04103292 0.09754733 0.05887846 0.0877882 0.0374727 0.03808285 0.06569695 0.08332774 0.1199656 0.05323193 0.05077685 0.02433427 0.05099545 0.05167122
0.05291366 0.04656757 0.1352581 0.03976065 0 0.08864222 0 0.08685778 0.02583918 0.06085736 0.05314337 0.09566009 0.08813605 0.07704395 0.09470963 0.05461037
0.08998947 0.09582675 0.008912287 0.08426038 0.09417821 0.04033397 0.1065855 0.06991347 0.07466419 0.01011959 0.05176616 0.07446118 0.03279036 0.1020975 0.05111386 0.0129872
0.05359605 0.02670017 0.05186014 0.03782142 0.03818311 0.03826018 0.04959486 0.07398408 0.05718096 0.07183393 0.08078754 0.08021979 0.09211766 0.09212795 0.06667968 0.08905249
0.04662178 0.08302217 0.08303556 0.08465382 0.1103696 0.04731981 0.08484277 0.06013452 0.03381489 0.1566967 0.03878703 0.01336803 0.0241382 0.08801686 0.02839019 0.01678808
0.08593095 0.04102925 0.09547953 0.08102694 0.05360277 0.0448395 0.0413434 0.03674766 0.05831646 0.08236779 0.07153232 0.04431677 0.02059427 0.133319 0.0232003 0.08635308
0.0461766 0.06152646 0.009879961 0.08628364 0.07278993 0.05718478 0.0975476 0.07861102 0.108771 0.05521483 0.08648601 0.06566149 0.02445135 0.06388505 0.02389753 0.06163274
0.08016049 0.04481902 0.09726596 0.1179768 0.001071522 0.08075885 0.04633495 0.05161245 0.1062707 0.07102753 0.0907596 0.04171991 0.03114169 0.01475016 0.08699505 0.03733532
0.06371336 0.03013856 0.02631841 0.09659634 0.04225015 0.1288547 0.03582233 0.1063061 0.04709405 0.1081096 0.04099764 0.05703205 0.08916466 0.04067491 0.0546394 0.0322877
0.09604775 0.06015225 0.03182207 0.05253349 0.0201519 0.09965304 0.07313082 0.03650869 0.06983373 0.03396627 0.1216792 0.03396528 0.07165551 0.06853955 0.05567906 0.07468144
0.08490032 0.0538755 0.07810081 0.1039345 0.03590826 0.07677024 0.04945495 0.04705545 0.03283143 0.09823719 0.08341682 0.05470345 0.0662711 0.01120596 0.04911631 0.07421774
0.05008262 0.05658477 0.07974243 0.09584573 0.06260022 0.0809435 0.1042007 0 0.0384673 0.07372086 0.06048789 0.03506839 0.02378319 0.08381754 0.06063562 0.09401921
0.05014338 0.08602391 0.05698838 0.05628878 0.05073255 0.04896436 0.1077118 0.04314682 0.02584995 0.04808277 0.08000472 0.1066181 0.05095191 0.04925118 0.0676173 0.07162406
0.04559577 0.1054568 0.06607561 0.08499403 0.0621913 0.05668575 0.0216022 0.08739853 0.05060226 0.05720071 0.1126288 0.007445979 0.04831066 0.08395674 0.06299337 0.04686146
0.0594799 0.08709523 0.1120017 0.0715787 0.0738809 0.112781 0.07878122 0.02440132 0.1122804 0 0.04656636 0.04099767 0.06366989 0.0008126575 0.07333959 0.04233342
0.06342801 0.06119174 0.03542219 0.04835805 0.06052535 0.07189193 0.07434187 0.02484085 0.03354112 0.05795023 0.09174447 0.1183642 0.07028329 0.08118831 0.07071369 0.03621471
0.1063031 0.08685762 0.05276319 0.04444273 0.06316182 0.07259102 0.01814347 0.02573702 0.07660281 0.111792 0.03613705 0.09510146 0.0363767 0.04631491 0.04051183 0.08716323
0.04695876 0.09630416 0.03349224 0.07328929 0.09645278 0.05610159 0.08502928 0.0323719 0.0368925 0.05931125 0.07439971 0.05935209 0.05859596 0.059383 0.05817877 0.07388671
0.02251654 0.06498568 0.08800746 0.02271254 0.04511144 0.08494683 0.08436455 0.06735495 0.1000514 0.03289086 0.05763451 0.06120104 0.07232066 0.05717663 0.02999347 0.1087315
0.06205344 0.01305717 0.07594591 0.1545101 0.03599698 0.06326277 0.04481422 0.06035936 0.05160038 0.029289 0.06042372 0.04312023 0.07212697 0.07261328 0.1070384 0.05378805
0.08706121 0.02419311 0.05217336 0.1076834 0.09931182 0.0233746 0.09409284 0.03210963 0.02241719 0.05466182 0.08248405 0.06932583 0.03282089 0.06615936 0.07963864 0.07249222
0.04557247 0.06251693 0.09634308 0.04880086 0.03468937 0.08715087 0.04454762 0.05037881 0.09887644 0.03411194 0.04535369 0.0384246 0.05812839 0.0689536 0.1164889 0.0696624
0.1140026 0.09099739 0.009474074 0.09941481 0.0593225 0.07271454 0.04006159 0.01401248 0.07980727 0.05630384 0.1 0 0.0566454 0.07020645 0.06068656 0.07635048
0.03125485 0.111395 0.05970446 0.03314566 0.07179401 0.06146722 0.08159619 0.05964257 0.08431651 0.0548114 0.06627974 0.1090924 0.05156796 0.01339303 0.07348628 0.03705273
0.06224221 0.02357508 0.09856616 0.04690545 0.04649428 0.09003411 0.01485346 0.03732926 0.06744421 0.08451628 0.07991039 0.05684023 0.09548596 0.03020786 0.04500333 0.1205917
0.04983069 0.07453316 0.01299409 0.05295317 0.04058353 0.03531064 0.0464803 0.07731441 0.08307677 0.06535938 0.07165895 0.06959379 0.04375346 0.1175524 0.1316222 0.02738307
0.04853154 0.1155834 0.09413283 0.0865967 0.05417766 0.04536669 0.02955194 0.04605927 0.02800527 0.04477982 0.0858279 0.06654257 0.03780776 0.09574789 0.01196511 0.1093237
0.03645729 0.05801283 0.0350615 0.1078017 0.07782924 0.009350019 0.1270086 0.02847879 0.07028746 0.1176313 0.04705177 0.07769613 0.03637045 0.0640614 0.01993366 0.08696782
0.02010982 0.1135606 0.06248277 0.03466909 0.03883518 0.03749445 0.05957608 0.05327207 0.09765747 0.03922772 0.04029686 0.1219957 0.07061976 0.08249505 0.1204221 0.00728534
0.1190268 0.07851935 0.08493093 0.0220007 0.0478148 0.06294276 0.06320869 0.01155598 0.03008044 0.08501786 0.04575073 0.0646732 0.07127797 0.04532003 0.06790966 0.09997012
0.05861438 0.03144055 0.03770996 0.1072351 0.08290612 0.09352042 0.001475976 0.08709748 0.1043079 0.1028705 0.05051711 0.07730449 0.04916046 0.04717967 0.04530806 0.02335182
0.01623266 0.1192514 0.09864065 0.05511975 0.05774715 0.06654164 0.06540815 0.08105862 0.1016508 0.04099848 0.03617342 0.06193285 0.07414717 0.08343071 0 0.04166657
0.08679458 0.03624463 0.01253636 0.07526888 0.04776526 0.07262022 0.06747636 0.06129371 0.07105673 0.04861517 0.02388888 0.08559478 0.04439454 0.08250887 0.1560873 0.02785375
0.09298052 0.07099973 0.03434458 0.07278628 0.04695775 0.04671632 0.03456488 0.1006499 0.08272812 0.03320274 0.07463813 0.05831989 0.06955583 0.09685898 0.06423018 0.02046612
0.09416036 0.05917448 0.04571606 0.08177133 0.07134843 0.04470685 0.05349642 0.1296261 0.0627562 0.02603118 0.05198837 0.04840202 0.03503501 0.07678748 0.07549915 0.04350058
0.07592267 0.09051693 0.02156766 0.1014594 0.05701742 0.03770841 0.01653312 0.03927439 0.03236271 0.1002866 0.09437658 0.1535075 0.01527498 0.05091031 0.06694485 0.04633653
0.06970267 0.03503303 0.09944138 0.06751181 0.1193412 0.05573548 0.02445142 0.04878305 0.07156827 0.04985159 0.009311141 0.08758012 0.05323235 0.08553545 0.06295162 0.05996947
